Discharging...
414,481,0
402,480,0
400,480,0
401,480,0
399,478,0
400,479,1
401,477,1
399,478,1
398,478,1
399,477,1
398,477,2
397,475,2
396,477,2
397,475,2
397,476,2
397,476,3
396,475,3
397,474,3
395,476,3
395,473,3
396,475,4
396,475,4
394,473,4
393,474,4
394,473,4
394,474,5
394,473,5
392,472,5
393,471,5
353,322,5
234,264,6
306,389,6
275,362,6
334,244,6
209,283,6
232,276,7
224,266,7
182,189,7
150,177,7
142,169,7
134,159,7
130,182,8
337,407,8
339,408,8
340,411,8
343,412,8
343,412,9
344,413,9
344,414,9
345,414,9
136,116,9
85,103,10

Discharge cycle 1 done! C = 0.00

Charging...
501,1046,0
521,981,0
517,951,0
517,938,0
518,937,0
519,937,1
519,934,1
520,934,1
522,932,1
523,930,1
524,927,2
525,928,2
525,924,2
526,925,2
525,920,2
526,918,3
529,918,3
529,915,3
528,915,3
530,912,3
530,908,4
530,907,4
531,907,4
533,906,4
533,905,4
531,901,5
532,901,5
533,898,5
533,896,5
535,895,5
534,895,6
537,892,6
537,894,6
537,889,6
538,890,6
538,888,7
538,886,7
539,887,7
539,884,7
540,885,7
539,884,7
540,882,8
541,880,8
541,880,8
542,880,8
542,877,8
544,876,9
544,876,9
544,875,9
545,875,9
546,875,9
546,873,10
547,872,10
546,869,10
547,869,10
549,871,10
548,869,11
549,869,11
550,867,11
552,868,11
551,867,11
551,865,12
552,862,12
553,862,12
553,860,12
554,858,12
555,860,13
554,858,13
555,856,13
556,855,13
557,856,13
556,853,14
557,855,14
557,852,14
559,851,14
560,852,14
558,853,15
559,851,15
560,852,15
560,849,15
561,848,15
560,847,16
561,843,16
562,844,16
562,842,16
562,843,16
563,842,17
565,842,17
566,844,17
566,841,17
566,839,17
565,838,18
567,842,18
567,839,18
568,839,18
570,842,18
569,838,19
571,838,19
570,838,19
570,834,19
573,836,19
570,834,20
573,833,20
572,834,20
575,833,20
574,834,20
575,835,21
576,834,21
576,832,21
576,833,21
577,833,21
577,832,22
578,832,22
578,828,22
579,829,22
579,829,22
580,829,23
579,824,23
581,824,23
582,822,23
582,823,23
583,819,24
582,821,24
583,818,24
584,817,24
585,815,24
584,815,25
585,815,25
585,811,25
584,812,25
586,809,25
586,808,26
588,803,26
586,802,26
585,804,26
586,804,26
587,803,27
589,799,27
589,802,27
589,798,27
589,797,27
589,794,28
585,789,28
588,788,28
589,786,28
588,788,28
589,785,29
589,789,29
589,786,29
591,789,29
591,792,29
591,789,30
592,786,30
594,786,30
594,786,30
594,787,30
594,789,30
594,786,31
596,786,31
597,789,31
596,790,31
597,791,31
598,792,32
598,790,32
599,792,32
599,794,32
600,792,32
601,793,33
603,789,33
601,787,33
602,787,33
602,787,33
604,785,34
604,782,34
604,781,34
603,780,34
603,782,34
603,780,35
584,317,35
598,155,35
502,330,35
579,650,35
614,858,36
618,856,36
621,890,36
621,885,36
624,884,36
624,881,37
622,881,37
624,878,37
624,877,37
625,877,37
626,876,38
627,873,38
626,872,38
627,873,38
628,873,38
628,872,39
628,873,39
628,873,39
629,868,39
630,869,39
630,866,40
632,868,40
632,871,40
632,867,40
632,865,40
633,864,41
634,865,41
634,863,41
634,861,41
634,860,41
636,861,42
635,860,42
635,859,42
638,858,42
637,858,42
639,856,43
639,858,43
642,863,43
643,861,43
641,856,43
642,853,44
641,854,44
642,855,44
643,851,44
643,852,44
643,851,45
642,850,45
643,849,45
644,848,45
645,846,45
646,844,46
648,848,46
648,844,46
647,839,46
647,839,46
647,840,47
649,838,47
650,838,47
649,828,47
651,830,47
651,831,48
649,830,48
650,832,48
650,830,48
651,831,48
653,832,49
653,830,49
653,831,49
653,829,49
654,829,49
656,829,50
656,830,50
656,830,50
660,834,50
659,834,50
662,833,51
662,833,51
664,833,51
664,833,51
665,833,51
666,832,52
666,832,52
668,832,52
667,832,52
667,829,52
668,832,53
668,832,53
668,828,53
665,824,53
666,826,53
668,825,54
668,824,54
668,825,54
668,826,54
669,825,54
673,823,54
670,825,55
671,824,55
672,825,55
672,823,55
671,828,55
678,827,56
678,828,56
678,828,56
679,828,56
677,825,56
676,824,57
677,826,57
681,827,57
680,826,57
681,826,57
683,825,58
678,820,58
679,820,58
681,820,58
681,820,58
681,817,59
682,822,59
682,818,59
682,818,59
683,820,59
684,820,60
685,817,60
686,818,60
688,820,60
687,822,60
690,822,61
691,820,61
691,820,61
691,821,61
692,819,61
690,811,62
688,813,62
688,812,62
690,812,62
690,812,62
691,813,63
692,813,63
693,811,63
692,814,63
693,811,63
694,816,64
698,817,64
699,816,64
699,815,64
701,815,64
700,816,65
701,813,65
700,814,65
700,811,65
702,812,65
701,811,66
703,811,66
705,812,66
704,811,66
704,812,66
705,804,67
705,807,67
703,803,67
702,803,67
704,803,67
705,801,68
704,800,68
706,800,68
705,800,68
706,799,68
708,800,69
706,796,69
708,797,69
708,799,69
708,797,69
712,802,70
712,798,70
712,798,70
713,798,70
714,799,70
714,798,71
715,797,71
716,798,71
715,794,71
714,793,71
713,793,72
713,791,72
713,791,72
714,791,72
716,792,72
715,794,73
716,790,73
717,790,73
718,791,73
718,790,73
717,793,74
720,788,74
721,789,74
719,788,74
721,787,74
719,790,75
721,789,75
721,787,75
722,786,75
724,789,75
724,787,76
729,790,76
730,790,76
725,786,76
725,786,76
728,789,77
727,786,77
728,785,77
729,783,77
728,785,77
729,787,77
728,782,78
730,784,78
730,783,78
730,782,78
730,780,78
732,782,79
732,781,79
732,777,79
732,780,79
732,777,79
733,776,80
732,776,80
733,776,80
735,775,80
734,772,80
735,771,81
736,772,81
737,771,81
736,771,81
737,770,81
739,769,82
737,766,82
737,764,82
738,764,82
739,765,82
740,764,83
740,765,83
744,768,83
742,768,83
740,766,83
742,768,84
742,765,84
743,764,84
743,764,84
744,764,84
744,764,85
745,764,85
746,764,85
746,766,85
748,765,85
748,769,86
752,770,86
747,766,86
748,768,86
750,765,86
751,766,87
752,768,87
752,765,87
752,764,87
753,769,87
753,768,88
755,765,88
753,766,88
753,764,88
754,763,88
756,764,89
756,766,89
759,762,89
756,766,89
757,764,89
756,765,90
757,764,90
757,760,90
759,757,90
758,756,90
759,758,91
758,758,91
761,760,91
762,760,91
761,760,91
763,761,92
762,759,92
763,757,92
764,757,92
763,759,92
766,758,93
768,756,93
764,754,93
766,753,93
765,752,93
767,752,94
767,752,94
768,753,94
769,754,94
769,754,94
770,751,95
769,753,95
771,754,95
771,755,95
771,756,95
772,755,96
773,760,96
776,755,96
773,751,96
774,750,96
774,746,97
775,748,97
774,747,97
775,747,97
774,744,97
776,744,98
775,748,98
778,746,98
778,743,98
779,743,98
780,743,99
779,744,99
777,740,99
779,742,99
780,742,99
780,735,100
781,739,100
781,736,100
781,736,100
782,735,100
781,733,100
783,732,101
784,736,101
788,732,101
783,729,101
784,730,101
787,725,102
783,727,102
787,730,102
786,732,102
787,733,102
787,734,103
786,732,103
788,733,103
789,734,103
789,736,103
789,734,104
793,734,104
790,735,104
792,737,104
793,735,104
793,738,105
794,739,105
794,739,105
795,740,105
794,738,105
797,739,106
801,743,106
798,742,106
797,738,106
798,739,106
798,735,107
800,737,107
799,738,107
800,738,107
802,738,107
804,737,108
804,736,108
804,733,108
807,736,108
807,737,108
807,736,109
807,739,109
808,735,109
808,733,109
809,733,109
808,736,110
810,734,110
811,735,110
811,734,110
812,733,110
812,735,111
812,735,111
813,732,111
813,734,111
812,733,111
814,734,112
814,734,112
814,733,112
816,731,112
815,730,112
815,727,113
816,729,113
817,730,113
817,730,113
819,730,113
819,733,114
818,730,114
820,729,114
819,729,114
820,728,114
820,729,115
822,727,115
822,729,115
822,727,115
821,724,115
822,722,116
822,721,116
824,719,116
824,717,116
824,721,116
826,721,117
826,719,117
825,719,117
826,722,117
826,722,117
827,720,118
827,720,118
826,718,118
829,719,118
828,720,118
830,720,119
830,718,119
830,715,119
830,716,119
832,716,119
830,716,120
831,714,120
833,714,120
832,713,120
833,713,120
834,713,121
834,708,121
834,705,121
835,706,121
834,704,121
836,707,122
836,704,122
836,705,122
837,708,122
837,706,122
839,706,123
839,705,123
838,704,123
838,704,123
839,704,123
839,708,124
841,707,124
842,707,124
842,707,124
843,707,124
844,707,125
844,707,125
844,704,125
845,703,125
845,706,125
846,707,126
846,707,126
847,707,126
847,706,126
847,702,126
847,697,127
846,695,127
848,694,127
847,697,127
849,700,127
850,701,128
849,702,128
850,701,128
852,703,128
851,701,128
852,702,128
852,701,129
852,704,129
855,700,129
853,701,129
855,700,129
854,698,130
853,699,130
855,702,130
856,704,130
858,705,130
857,703,131
858,707,131
858,705,131
858,703,131
859,701,131
861,706,132
861,709,132
862,707,132
862,709,132
864,707,132
865,709,133
864,712,133
865,713,133
865,714,133
866,713,133
867,711,134
868,712,134
867,713,134
867,712,134
868,713,134
868,713,135
869,711,135
871,713,135
871,714,135
871,715,135
872,712,136
871,713,136
872,712,136
872,710,136
873,710,136
874,712,137
874,708,137
875,710,137
876,709,137
874,706,137
876,704,138
876,703,138
877,701,138
877,701,138
877,700,138
878,700,139
878,700,139
879,698,139
878,699,139
878,697,139
880,699,140
880,697,140
881,696,140
881,699,140
883,701,140
882,702,141
881,699,141
884,698,141
883,699,141
884,696,141
884,695,142
884,697,142
885,699,142
884,695,142
886,696,142
886,698,143
886,697,143
890,695,143
887,695,143
890,696,143
887,695,144
889,690,144
890,691,144
892,692,144
889,694,144
891,692,145
892,694,145
892,694,145
892,693,145
892,693,145
893,694,146
893,694,146
895,693,146
895,692,146
896,693,146
895,693,147
896,695,147
897,694,147
897,694,147
897,694,147
898,693,148
900,692,148
899,690,148
899,691,148
901,689,148
900,687,149
899,688,149
901,690,149
901,683,149
897,683,149
895,682,150
896,679,150
897,681,150
898,678,150
897,677,150
898,677,151
900,679,151
900,680,151
900,677,151
903,684,151
904,677,152
901,677,152
901,676,152
902,675,152
903,673,152
903,675,153
903,671,153
903,673,153
905,673,153
904,670,153
906,673,154
905,669,154
905,668,154
906,666,154
906,665,154
907,666,155
906,668,155
907,668,155
908,668,155
909,666,155
908,666,156
909,665,156
915,666,156
912,664,156
912,668,156
911,664,157
911,665,157
913,661,157
913,657,157
912,655,157
912,659,157
913,664,158
915,664,158
916,665,158
917,665,158
917,669,158
917,668,159
917,664,159
919,660,159
920,664,159
919,665,159
919,661,160
919,658,160
920,657,160
920,660,160
920,660,160
923,661,161
923,661,161
922,664,161
923,665,161
923,667,161
923,666,162
924,662,162
929,657,162
928,652,162
924,654,162
928,651,163
929,653,163
932,656,163
931,659,163
931,654,163
928,652,164
928,653,164
931,659,164
930,657,164
928,656,164
927,652,165
930,651,165
930,651,165
930,653,165
931,653,165
932,656,166
935,661,166
938,657,166
934,654,166
934,658,166
937,653,167
939,658,167
942,660,167
942,656,167
937,655,167
937,655,168
943,657,168
938,660,168
943,654,168
940,657,168
939,652,169
939,654,169
940,657,169
945,656,169
941,654,169
942,656,170
942,652,170
946,660,170
949,654,170
943,652,170
942,651,171
945,651,171
944,653,171
946,651,171
948,652,171
946,648,172
948,647,172
948,648,172
952,648,172
948,647,172
948,649,173
948,648,173
948,651,173
950,646,173
950,649,173
950,648,174
951,649,174
951,649,174
953,646,174
952,647,174
953,652,175
953,649,175
954,648,175
954,651,175
956,649,175
954,652,176
956,654,176
961,652,176
958,649,176
957,651,176
958,648,177
958,650,177
957,649,177
961,651,177
963,652,177
965,652,178
965,652,178
966,655,178
965,656,178
965,653,178
964,651,179
962,647,179
962,647,179
963,650,179
963,651,179
964,647,180
965,647,180
965,647,180
966,648,180
966,645,180
967,642,181
965,640,181
966,644,181
967,644,181
966,643,181
967,644,182
969,642,182
970,641,182
970,647,182
970,645,182
972,645,183
971,645,183
969,646,183
971,638,183
971,638,183
972,636,184
971,632,184
970,632,184
972,629,184
971,625,184
970,618,185
973,618,185
972,618,185
972,617,185
974,618,185
975,622,186
975,620,186
981,626,186
975,624,186
976,623,186
978,628,186
978,628,187
979,631,187
977,628,187
979,630,187
979,625,187
978,624,188
981,624,188
980,622,188
980,622,188
980,623,188
981,620,189
982,621,189
982,624,189
983,622,189
983,623,189
984,625,190
985,625,190
984,629,190
986,625,190
985,627,190
987,627,191
987,628,191
987,627,191
989,626,191
990,630,191
989,630,192
992,631,192
993,628,192
992,628,192
991,631,192
993,630,193
992,628,193
992,629,193
993,631,193
993,631,193
995,628,194
995,626,194
993,628,194
994,627,194
995,627,194
996,625,195
995,627,195
996,625,195
996,623,195
999,625,195
997,625,196
999,627,196
1004,619,196
999,621,196
998,621,196
999,620,197
999,618,197
999,617,197
999,615,197
999,612,197
998,608,198
999,602,198
999,600,198
1001,596,198
999,589,198
999,579,199
998,574,199
998,565,199
996,557,199
998,569,199
1001,571,200
997,563,200
1000,574,200
1002,575,200
1001,587,200
1004,591,201
1005,598,201
1006,597,201
1006,599,201
1006,601,201
1008,602,202
1008,604,202
1008,605,202
1011,608,202
1010,606,202
1010,605,203
1009,606,203
1011,603,203
1013,604,203
1012,603,203
1012,605,204
1013,604,204
1014,605,204
1014,605,204
1016,607,204
1014,605,205
1015,604,205
1015,604,205
1017,605,205
1017,601,205
1017,603,206
1018,602,206
1025,606,206
1019,603,206
1022,603,206
1018,601,207
1019,604,207
1021,603,207
1020,604,207
1020,605,207
1020,602,208
1021,606,208
1022,606,208
1023,607,208
1025,606,208
1024,606,209
1025,605,209
1025,607,209
1025,606,209
1026,608,209
1025,610,210
1026,610,210
1027,609,210
1026,609,210
1028,610,210
1028,607,211
1029,605,211
1029,605,211
1030,606,211
1031,602,211
1030,605,212
1031,605,212
1031,606,212
1031,606,212
1031,603,212
1032,604,213
1033,602,213
1033,601,213
1034,599,213
1033,595,213
1034,596,214
1034,593,214
1034,595,214
1035,592,214
1033,590,214
1035,588,215
1035,587,215
1034,587,215
1037,586,215
1037,583,215
1036,580,216
1038,583,216
1042,586,216
1038,578,216
1038,578,216
1036,577,217
1037,577,217
1038,575,217
1039,575,217
1039,575,217
1040,576,218
1040,576,218
1040,572,218
1039,574,218
1041,572,218
1041,572,219
1042,574,219
1041,573,219
1042,571,219
1043,571,219
1042,570,220
1044,572,220
1048,575,220
1045,572,220
1045,573,220
1045,572,221
1048,575,221
1046,574,221
1048,574,221
1048,575,221
1049,566,221
1047,564,222
1048,565,222
1049,564,222
1052,566,222
1048,559,222
1048,559,223
1051,563,223
1051,568,223
1050,573,223
1053,575,223
1053,574,224
1054,576,224
1052,572,224
1055,574,224
1056,571,224
1054,570,225
1055,572,225
1054,567,225
1054,566,225
1056,568,225
1058,570,226
1057,572,226
1062,568,226
1057,566,226
1059,561,226
1058,565,227
1057,566,227
1058,566,227
1059,566,227
1061,563,227
1059,562,228
1059,565,228
1067,563,228
1066,562,228
1066,565,228
1067,560,229
1069,562,229
1069,564,229
1070,563,229
1069,565,229
1069,566,230
1070,567,230
1071,564,230
1071,566,230
1072,563,230
1071,563,231
1072,565,231
1071,562,231
1073,562,231
1074,563,231
1073,562,232
1073,564,232
1075,567,232
1076,566,232
1076,568,232
1076,563,233
1076,562,233
1076,562,233
1076,559,233
1076,558,233
1076,558,234
1076,553,234
1077,554,234
1078,557,234
1079,558,234
1077,553,235
1079,559,235
1080,556,235
1082,554,235
1081,550,235
1080,551,236
1081,548,236
1082,552,236
1082,548,236
1081,546,236
1081,543,237
1081,544,237
1081,532,237
1080,527,237
1080,529,237
1082,537,238
1083,543,238
1083,545,238
1085,548,238
1087,545,238
1085,544,239
1086,544,239
1087,544,239
1086,539,239
1087,537,239
1086,543,240
1089,549,240
1089,549,240
1090,546,240
1090,551,240
1091,556,241
1091,557,241
1091,554,241
1094,558,241
1094,557,241
1093,556,242
1095,559,242
1095,561,242
1095,562,242
1096,564,242
1097,565,243
1096,562,243
1098,563,243
1097,566,243
1098,565,243
1099,565,244
1100,563,244
1100,564,244
1101,566,244
1099,565,244
1102,566,245
1102,567,245
1102,566,245
1103,566,245
1104,566,245
1105,567,246
1104,567,246
1105,566,246
1105,563,246
1105,562,246
1107,561,247
1105,562,247
1106,562,247
1105,563,247
1106,562,247
1107,561,248
1108,562,248
1108,559,248
1108,558,248
1108,557,248
1108,558,249
1110,558,249
1108,558,249
1109,558,249
1110,555,249
1110,553,250
1109,552,250
1111,550,250
1111,545,250
1111,545,250
1111,545,251
1111,539,251
1110,536,251
1110,533,251
1111,528,251
1110,529,252
1111,533,252
1113,535,252
1114,540,252
1113,539,252
1115,539,253
1114,537,253
1114,541,253
1115,541,253
1115,540,253
1115,536,254
1116,537,254
1116,538,254
1117,536,254
1117,537,254
1118,539,255
1120,543,255
1119,539,255
1120,541,255
1120,540,255
1119,539,256
1121,534,256
1121,531,256
1120,528,256
1120,529,256
1120,526,257
1121,520,257
1119,524,257
1122,520,257
1122,523,257
1122,525,258
1123,523,258
1123,527,258
1124,525,258
1123,525,258
1123,524,259
1124,524,259
1125,521,259
1124,517,259
1124,514,259
1125,520,260
1125,521,260
1128,524,260
1128,528,260
1129,529,260
1130,527,260
1128,528,261
1129,530,261
1129,532,261
1131,535,261
1134,536,261
1133,534,262
1133,529,262
1132,526,262
1132,525,262
1131,523,262
1134,526,263
1133,524,263
1134,524,263
1134,520,263
1134,526,263
1135,526,264
1135,530,264
1137,529,264
1136,528,264
1137,526,264
1138,526,265
1138,526,265
1138,526,265
1138,527,265
1139,527,265
1137,523,266
1139,522,266
1140,524,266
1139,520,266
1140,524,266
1141,526,267
1142,528,267
1141,529,267
1141,528,267
1137,530,267
1138,529,268
1138,531,268
1139,529,268
1138,531,268
1139,528,268
1139,530,269
1140,527,269
1139,527,269
1141,526,269
1140,523,269
1140,519,270
1140,516,270
1139,511,270
1139,504,270
1138,493,270
1138,487,271
1139,465,271
1140,516,271
1142,521,271
1142,522,271
1145,524,272
1144,525,272
1145,519,272
1144,516,272
1144,514,272
1146,514,273
1146,509,273
1145,501,273
1144,501,273
1145,503,273
1146,502,274
1145,499,274
1144,479,274
1146,501,274
1146,503,274
1148,498,275
1146,496,275
1147,497,275
1148,503,275
1150,501,275
1148,502,276
1150,503,276
1156,507,276
1157,505,276
1152,508,276
1152,510,277
1153,510,277
1152,509,277
1152,512,277
1156,511,277
1154,510,278
1155,511,278
1155,509,278
1154,510,278
1156,509,278
1157,510,279
1157,510,279
1155,505,279
1155,503,279
1155,505,279
1156,504,280
1156,506,280
1158,506,280
1158,504,280
1160,505,280
1159,502,281
1159,505,281
1160,503,281
1159,503,281
1160,503,281
1160,504,282
1161,502,282
1160,497,282
1161,499,282
1160,500,282
1164,501,283
1163,498,283
1164,500,283
1164,500,283
1164,500,283
1164,501,284
1167,503,284
1173,500,284
1167,500,284
1166,498,284
1167,499,285
1166,501,285
1166,500,285
1168,497,285
1168,497,285
1168,495,286
1167,494,286
1168,493,286
1174,493,286
1170,496,286
1170,500,287
1171,499,287
1171,501,287
1171,498,287
1171,496,287
1175,499,288
1172,495,288
1172,496,288
1172,494,288
1172,493,288
1172,490,289
1171,484,289
1171,476,289
1171,462,289
1172,468,289
1172,469,290
1173,475,290
1172,481,290
1174,484,290
1174,487,290
1177,485,291
1175,489,291
1178,492,291
1177,488,291
1178,487,291
1179,488,292
1179,489,292
1178,487,292
1184,488,292
1179,488,292
1179,489,293
1181,490,293
1180,485,293
1180,481,293
1179,480,293
1181,481,294
1181,479,294
1179,476,294
1181,477,294
1180,478,294
1183,476,295
1181,473,295
1182,470,295
1182,473,295
1182,472,295
1184,471,296
1183,468,296
1183,470,296
1189,470,296
1184,467,296
1183,466,297
1185,467,297
1184,468,297
1185,465,297
1185,467,297
1185,464,298
1184,464,298
1186,462,298
1186,459,298
1184,454,298
1185,447,298
1184,436,299
1181,451,299
1181,355,299
1177,391,299
1180,409,299
1184,407,300
1189,397,300
1191,413,300
1187,383,300
1189,388,300
1189,410,301
1190,401,301
1188,418,301
1185,402,301
1184,419,301
1186,424,302
1188,434,302
1190,436,302
1188,435,302
1191,432,302
1190,437,303
1190,446,303
1190,435,303
1191,438,303
1198,444,303
1194,425,304
1197,445,304
1199,429,304
1198,427,304
1198,445,304
1197,432,305
1195,428,305
1192,442,305
1196,421,305
1196,445,305
1200,454,306
1202,446,306
1202,424,306
1198,418,306
1201,453,306
1195,466,307
1194,417,307
1194,419,307
1195,421,307
1196,419,307
1196,416,308
1197,418,308
1197,420,308
1197,418,308
1196,406,308
1196,404,309
1196,394,309
1193,384,309
1194,395,309
1197,396,309
1195,393,310
1196,382,310
1195,389,310
1196,392,310
1197,392,310
1196,385,311
1198,393,311
1196,378,311
1196,385,311
1196,380,311
1196,376,312
1196,372,312
1194,363,312
1198,387,312
1195,359,312
1197,353,313
1196,367,313
1195,356,313
1196,384,313
1198,356,313
1199,365,314
1199,373,314
1198,366,314
1198,372,314
1200,367,314
1199,372,315
1201,365,315
1200,369,315
1203,384,315
1200,371,315
1198,346,316
1200,325,316
1199,353,316
1206,335,316
1199,341,316
1198,332,317
1198,334,317
1199,337,317
1199,322,317
1198,338,317
1196,339,318
1199,303,318
1199,300,318
1199,304,318
1197,308,318
1195,312,319
1197,304,319
1194,317,319
1197,303,319
1193,300,319
1195,287,320
1195,257,320
1197,260,320
1197,286,320
1198,272,320
1197,274,321
1195,282,321
1194,303,321
1196,269,321
1196,296,321
1195,266,322
1194,253,322
1192,253,322
1192,250,322
1191,242,322
1193,248,323
1192,242,323
1193,277,323
1204,341,323
1207,255,323
1210,304,324
1200,254,324
1193,241,324
1197,254,324
1212,324,324
1205,309,325
1208,255,325
1201,246,325
1209,253,325
1206,240,325
1199,256,326
1203,291,326
1198,262,326
1206,258,326
1198,256,326
1200,247,327
1197,250,327
1200,244,327
1198,249,327
1198,256,327
1197,255,328
1197,242,328
1198,234,328
1197,240,328
1198,240,328
1198,252,329
1198,221,329
1197,220,329
1196,213,329
1196,268,329
1194,233,330
1201,242,330
1200,209,330
1200,209,330
1197,208,330
1198,362,331
1196,200,331
1195,175,331
1192,183,331
1193,186,331
1197,182,332
1194,186,332
1198,198,332
1191,162,332
1193,156,332
1192,182,333
1193,143,333
1189,140,333
1188,110,333
1174,12,333
1172,7,334
1173,20,334
1175,31,334
1174,21,334
1173,28,334
1176,26,334
1180,26,335
1175,22,335
1179,24,335
1176,26,335
1177,28,335
1174,26,336
1174,22,336
1178,20,336
1176,20,336
1174,18,336
1173,19,337
1174,18,337
1174,23,337
1173,30,337
1175,28,337
1176,35,338
1175,33,338
1174,33,338
1173,29,338
1173,11,338
1170,2,339
1170,0,339
1169,0,339
1170,0,339
1169,0,339
1170,0,340
1172,9,340
1171,0,340
1171,0,340
1175,1,340
1170,3,341
1170,1,341
1170,0,341
1170,0,341
1170,1,341
1172,9,342
1170,6,342
1171,0,342
1171,0,342
1175,0,342
1172,0,343
1171,1,343
1173,2,343
1172,6,343
1171,6,343
1169,4,344
1172,6,344
1170,6,344
1170,7,344
1170,6,344
1171,4,345
1170,1,345
1170,10,345
1172,10,345
1170,6,345
1170,2,346
1169,3,346
1171,2,346
1177,5,346
1169,5,346
1170,5,347
1169,3,347
1170,1,347
1170,3,347
1170,1,347
1172,2,348
1171,0,348
1176,0,348
1175,0,348
1176,0,348
1176,0,349
1174,0,349
1176,0,349
1174,0,349
1175,0,349
1175,1,350
1176,0,350
1174,1,350
1173,1,350
1174,0,350
1176,1,351
1175,3,351
1174,1,351
1175,4,351
1175,3,351
1175,3,352
1173,3,352
1175,2,352
1174,4,352
1173,3,352
1173,2,353
1174,3,353
1174,3,353
1175,3,353
1175,3,353
1173,3,354
1174,3,354
1174,3,354
1174,3,354
1174,4,354
1175,3,355
1174,3,355
1175,3,355
1175,4,355
1173,4,355
1174,3,356
1175,3,356
1174,2,356
1174,2,356
1174,2,356
1174,4,357
1173,5,357
1175,3,357
1173,3,357
1175,5,357
1175,3,357
1173,2,358
1173,3,358
1173,3,358
1173,2,358
1174,2,358
1174,5,359
1173,3,359
1173,4,359
1174,3,359
1173,3,359
1173,3,360
1175,3,360
1174,3,360
1175,3,360
1175,3,360
1173,2,361
1173,2,361
1174,3,361
1174,4,361
1175,4,361
1173,3,362
1172,3,362
1173,4,362
1173,3,362
1174,3,362
1174,4,363
1172,4,363
1174,3,363
1173,2,363
1173,3,363
1172,2,364
1174,3,364
1173,2,364
1172,3,364
1173,5,364
1173,5,365
1175,3,365
1173,3,365
1173,3,365
1174,3,365
1174,5,366
1173,3,366
1174,3,366
1174,2,366
1172,2,366
1172,2,367
1173,2,367
1174,4,367
1173,3,367
1173,3,367
1173,3,368
1173,3,368
1173,4,368
1174,3,368
1173,2,368
1173,2,369
1173,2,369
1174,2,369
1173,3,369
1173,2,369
1172,4,370
1173,3,370
1172,4,370
1172,3,370
1173,3,370
1173,3,371
1172,1,371
1174,1,371
1172,3,371
1173,5,371
1173,4,372
1172,2,372
1172,5,372
1173,2,372
1173,4,372
1172,4,373
1173,2,373
1172,3,373
1173,3,373
1172,4,373
1172,3,374
1173,5,374
1172,3,374
1173,3,374
1172,3,374
1172,2,375
1173,3,375
1172,4,375
1172,5,375
1173,5,375
1172,3,376
1173,4,376
1173,3,376
1174,3,376
1173,3,376
1172,2,377
1172,4,377
1173,3,377
1173,1,377
1172,3,377
1171,2,378
1172,3,378
1172,2,378
1172,3,378
1172,4,378
1172,3,379
1173,3,379
1172,2,379
1172,2,379
1172,5,379
1172,3,379
1173,3,380
1171,4,380
1173,3,380
1172,2,380
1171,5,380
1172,4,381
1172,4,381
1172,3,381
1172,3,381
1171,1,381
1172,2,382
1172,2,382
1171,3,382
1171,4,382
1171,2,382
1172,3,383
1170,4,383
1172,3,383
1171,2,383
1171,3,383
1172,2,384
1173,3,384
1173,2,384
1171,5,384
1172,3,384
1170,5,385
1171,5,385
1173,3,385
1173,5,385
1172,4,385
1171,5,386
1172,2,386
1172,3,386
1173,3,386
1173,3,386
1172,3,387
1171,3,387
1173,2,387
1171,2,387
1170,2,387
1173,2,388
1172,2,388
1172,3,388
1173,3,388
1172,3,388
1172,3,389
1164,2,389
1166,1,389
1170,2,389
1165,3,389
1164,4,390
1173,3,390
1171,4,390
1171,3,390
1171,2,390
1171,5,391
1169,4,391
1170,3,391
1171,2,391
1171,3,391
1172,5,392
1171,3,392
1171,5,392
1171,3,392
1171,4,392
1170,3,393
1172,3,393
1169,3,393
1165,3,393
1164,2,393
1165,2,394
1164,2,394
1163,2,394
1164,2,394
1165,2,394
1165,4,395
1165,3,395
1164,4,395
1164,3,395
1164,2,395
1164,4,396
1165,3,396
1166,3,396
1172,3,396
1165,4,396
1164,3,397
1166,3,397
1164,3,397
1166,3,397
1165,3,397
1165,2,398
1165,3,398
1164,5,398
1165,2,398
1166,3,398
1166,4,399
1165,4,399
1166,2,399
1165,3,399
1162,3,399
1164,3,400
1164,2,400
1166,2,400
1165,3,400
1163,2,400
1165,3,401
1165,3,401
1164,3,401
1165,3,401
1165,2,401
1164,2,401
1165,2,402
1165,2,402
1165,3,402
1164,3,402
1164,2,402
1165,3,403
1164,2,403
1165,3,403
1163,2,403
1164,1,403
1164,3,404
1164,3,404
1164,2,404
1165,3,404
1165,4,404
1163,3,405
1163,2,405
1163,5,405
1163,2,405
1165,3,405
1164,3,406
1164,2,406
1166,3,406
1169,3,406
1164,3,406
1164,2,407
1163,3,407
1164,4,407
1164,2,407
1164,5,407
1166,3,408
1165,2,408
1164,3,408
1164,2,408
1165,3,408
1163,2,409
1164,3,409
1164,2,409
1163,3,409
1164,2,409
1165,3,410
1163,3,410
1164,3,410
1164,3,410
1164,3,410
1164,1,411
1164,5,411
1162,2,411
1164,3,411
1164,4,411
1163,4,412
1164,3,412
1163,3,412
1163,2,412
1162,2,412
1164,4,413
1164,3,413
1164,3,413
1164,4,413
1163,3,413
1163,2,414
1164,3,414
1164,3,414
1164,3,414
1163,3,414
1165,3,415
1165,4,415
1163,4,415
1164,3,415
1163,3,415
1162,2,416
1165,3,416
1164,1,416
1170,3,416
1164,2,416
1164,3,417
1164,3,417
1163,5,417
1163,3,417
1163,3,417
1162,3,418
1164,3,418
1164,3,418
1162,3,418
1163,2,418
1163,3,419
1164,3,419
1164,3,419
1163,2,419
1163,2,419
1163,4,420
1161,3,420
1164,3,420
1163,3,420
1163,3,420
1163,5,421
1162,3,421
1163,3,421
1171,188,421
1239,496,421
1198,2,422
1171,3,422
1171,3,422
1170,3,422
1170,3,422
1165,4,423
1164,4,423
1163,5,423
1164,3,423
1165,3,423
1164,3,423
1164,4,424
1164,3,424
1165,3,424
1163,5,424
1164,3,424
1197,571,425
1239,24,425
1164,2,425
1165,460,425
1224,495,425
1230,443,426
1231,484,426
1232,536,426
1220,397,426
1207,153,426
1231,445,427
1246,588,427
1246,618,427
1254,642,427
1251,625,427
1241,494,428
1234,632,428
1258,667,428
1260,667,428
1259,665,428
1252,194,429
1236,649,429
1261,666,429
1261,659,429
1262,657,429
1262,657,430
1261,653,430
1262,654,430
1263,653,430
1262,632,430
1228,400,431
1230,412,431
1241,447,431
1236,447,431
1243,480,431
1243,484,432
1245,493,432
1249,518,432
1249,506,432
1245,480,432
1244,475,433
1244,473,433
1244,464,433
1242,439,433
1239,415,433
1238,417,434
1238,401,434
1242,421,434
1241,408,434
1232,156,434
1227,364,435
1242,421,435
1241,416,435
1244,437,435
1244,438,435
1249,462,436
1251,469,436
1249,464,436
1257,484,436
1254,488,436
1253,485,437
1253,471,437
1252,467,437
1251,464,437
1251,467,437
1253,465,438
1253,471,438
1254,470,438
1255,476,438
1255,481,438
1256,475,439
1255,472,439
1256,463,439
1256,475,439
1257,481,439
1258,479,440
1257,473,440
1259,470,440
1258,473,440
1262,474,440
1259,477,441
1260,475,441
1259,469,441
1261,468,441
1259,459,441
1258,463,442
1262,468,442
1260,460,442
1261,459,442
1262,460,442
1263,463,443
1263,468,443
1262,445,443
1262,454,443
1264,451,443
1262,445,444
1261,434,444
1261,434,444
1261,439,444
1263,431,444
1261,421,445
1260,429,445
1261,440,445
1262,438,445
1264,437,445
1263,429,446
1263,435,446
1264,436,446
1269,449,446
1272,438,446
1265,432,447
1266,438,447
1268,441,447
1267,447,447
1268,450,447
1267,447,448
1269,450,448
1271,445,448
1269,453,448
1272,458,448
1271,453,449
1270,447,449
1271,449,449
1272,446,449
1273,446,449
1271,449,450
1273,455,450
1272,453,450
1272,453,450
1274,452,450
1277,451,451
1276,454,451
1274,449,451
1277,450,451
1275,445,451
1276,446,452
1276,441,452
1276,441,452
1278,442,452
1276,441,452
1277,440,453
1275,436,453
1275,437,453
1276,438,453
1276,437,453
1277,434,454
1277,435,454
1278,436,454
1280,435,454
1277,434,454
1280,437,455
1280,439,455
1281,436,455
1280,436,455
1281,437,455
1281,433,456
1282,431,456
1281,432,456
1281,430,456
1288,428,456
1281,426,457
1281,424,457
1281,424,457
1281,418,457
1281,415,457
1282,412,458
1281,408,458
1281,406,458
1282,403,458
1283,403,458
1285,406,459
1284,404,459
1282,403,459
1283,403,459
1283,400,459
1284,396,459
1287,395,460
1289,394,460
1282,392,460
1291,395,460
1285,397,460
1286,397,461
1288,399,461
1291,397,461
1286,397,461
1288,395,461
1294,394,462
1288,392,462
1286,390,462
1287,397,462
1287,395,462
1289,395,463
1292,392,463
1287,388,463
1287,389,463
1290,390,463
1288,390,464
1288,382,464
1288,384,464
1288,385,464
1290,387,464
1291,385,465
1290,385,465
1290,386,465
1290,386,465
1294,385,465
1293,384,466
1291,383,466
1290,382,466
1298,388,466
1292,387,466
1295,391,467
1300,391,467
1294,386,467
1294,385,467
1293,381,467
1295,382,468
1296,386,468
1299,386,468
1301,388,468
1301,388,468
1301,390,469
1303,390,469
1303,391,469
1303,391,469
1304,386,469
1304,385,470
1305,389,470
1305,390,470
1307,394,470
1305,395,470
1307,398,471
1307,395,471
1307,395,471
1309,398,471
1308,400,471
1310,398,472
1307,398,472
1309,397,472
1308,399,472
1310,399,472
1310,398,473
1311,396,473
1310,397,473
1312,394,473
1311,396,473
1311,393,474
1311,390,474
1311,393,474
1312,390,474
1312,392,474
1310,388,475
1312,389,475
1313,387,475
1313,388,475
1313,387,475
1313,385,476
1313,385,476
1315,384,476
1313,382,476
1315,384,476
1314,387,477
1314,387,477
1315,382,477
1314,384,477
1314,387,477
1317,386,478
1316,382,478
1317,382,478
1317,381,478
1317,382,478
1317,382,479
1316,381,479
1317,382,479
1317,380,479
1318,381,479
1320,382,480
1319,381,480
1319,379,480
1319,382,480
1320,378,480
1320,378,481
1321,377,481
1320,375,481
1320,375,481
1321,375,481
1320,376,482
1321,373,482
1321,373,482
1322,373,482
1322,375,482
1323,373,483
1324,373,483
1323,358,483
1322,352,483
1321,350,483
1321,352,484
1321,354,484
1320,351,484
1321,354,484
1323,354,484
1321,350,485
1324,364,485
1324,365,485
1324,356,485
1324,352,485
1323,347,486
1324,351,486
1322,350,486
1325,352,486
1325,347,486
1324,350,487
1326,350,487
1326,365,487
1329,368,487
1327,367,487
1327,364,488
1328,375,488
1329,373,488
1330,373,488
1331,369,488
1330,368,489
1328,360,489
1327,350,489
1327,351,489
1327,351,489
1329,355,490
1328,352,490
1329,354,490
1330,352,490
1329,346,490
1329,348,491
1329,342,491
1328,339,491
1328,339,491
1329,335,491
1329,334,492
1330,335,492
1330,335,492
1330,335,492
1331,339,492
1331,336,493
1331,340,493
1333,339,493
1333,342,493
1333,334,493
1333,349,494
1335,358,494
1337,362,494
1335,360,494
1337,356,494
1336,361,495
1335,359,495
1337,360,495
1337,356,495
1338,360,495
1337,360,496
1338,361,496
1339,358,496
1338,360,496
1339,360,496
1340,362,497
1339,361,497
1341,362,497
1341,362,497
1340,360,497
1339,363,497
1342,362,498
1341,362,498
1341,362,498
1342,362,498
1342,360,498
1341,359,499
1342,361,499
1342,360,499
1342,362,499
1343,360,499
1343,358,500
1345,359,500
1343,356,500
1345,358,500
1344,356,500
1345,354,501
1343,359,501
1345,357,501
1345,356,501
1346,354,501
1345,356,502
1346,356,502
1347,356,502
1346,358,502
1347,356,502
1347,356,503
1348,356,503
1347,355,503
1347,353,503
1347,352,503
1347,352,504
1349,352,504
1348,352,504
1349,349,504
1349,350,504
1349,348,505
1349,348,505
1351,345,505
1350,343,505
1351,341,505
1351,339,506
1349,338,506
1350,335,506
1350,335,506
1351,338,506
1350,330,507
1350,330,507
1350,329,507
1351,320,507
1350,324,507
1351,328,508
1350,331,508
1352,329,508
1351,327,508
1351,325,508
1351,325,509
1352,328,509
1350,329,509
1352,330,509
1353,328,509
1354,329,510
1354,326,510
1353,325,510
1352,324,510
1352,313,510
1351,313,511
1350,306,511
1350,312,511
1351,313,511
1352,315,511
1353,315,512
1353,317,512
1354,316,512
1354,316,512
1354,317,512
1355,317,513
1356,316,513
1355,319,513
1356,315,513
1347,313,513
1348,313,514
1351,312,514
1349,313,514
1350,308,514
1349,307,514
1349,308,515
1351,308,515
1349,311,515
1349,308,515
1348,307,515
1348,302,516
1351,309,516
1348,299,516
1352,300,516
1358,307,516
1351,294,517
1350,295,517
1350,295,517
1349,300,517
1350,290,517
1350,290,518
1352,304,518
1352,297,518
1352,291,518
1352,290,518
1348,261,519
1351,281,519
1349,277,519
1350,243,519
1344,223,519
1344,229,520
1347,230,520
1343,229,520
1349,230,520
1345,229,520
1347,228,521
1346,225,521
1346,227,521
1344,225,521
1346,226,521
1344,226,522
1345,225,522
1347,224,522
1347,222,522
1345,221,522
1345,219,523
1345,217,523
1345,217,523
1346,217,523
1345,217,523
1346,216,524
1345,216,524
1348,215,524
1345,214,524
1348,214,524
1345,218,525
1351,216,525
1346,212,525
1347,213,525
1347,213,525
1345,212,526
1348,212,526
1345,210,526
1348,209,526
1352,213,526
1350,204,527
1346,207,527
1346,207,527
1346,203,527
1346,203,527
1345,201,528
1348,203,528
1347,202,528
1346,201,528
1347,202,528
1347,200,529
1347,197,529
1347,195,529
1346,194,529
1347,192,529
1347,191,530
1347,188,530
1347,191,530
1347,190,530
1345,192,530
1348,190,531
1347,191,531
1349,187,531
1349,188,531
1346,186,531
1347,187,532
1348,185,532
1349,189,532
1350,195,532
1350,191,532
1348,193,533
1351,193,533
1351,193,533
1350,192,533
1350,194,533
1350,192,534
1351,190,534
1350,188,534
1351,188,534
1350,185,534
1350,185,535
1350,184,535
1350,180,535
1351,182,535
1350,179,535
1350,176,536
1350,177,536
1350,170,536
1350,170,536
1350,171,536
1356,169,537
1351,168,537
1351,170,537
1350,172,537
1351,171,537
1350,173,537
1350,170,538
1350,168,538
1351,167,538
1350,169,538
1353,167,538
1357,169,539
1354,167,539
1353,171,539
1354,169,539
1352,167,539
1352,167,540
1353,167,540
1352,166,540
1352,167,540
1352,168,540
1355,166,541
1353,169,541
1354,169,541
1353,170,541
1351,165,541
1355,167,542
1352,165,542
1358,166,542
1354,169,542
1355,167,542
1357,166,543
1355,164,543
1352,165,543
1356,170,543
1355,169,543
1354,169,544
1355,167,544
1356,171,544
1355,168,544
1354,165,544
1353,164,545
1354,163,545
1355,161,545
1354,162,545
1356,162,545
1361,158,546
1356,158,546
1361,157,546
1363,160,546
1363,156,546
1363,153,547
1360,153,547
1363,152,547
1360,151,547
1354,150,547
1355,151,548
1354,149,548
1355,149,548
1355,148,548
1355,147,548
1354,148,549
1354,146,549
1355,148,549
1355,147,549
1354,147,549
1355,145,550
1358,146,550
1355,143,550
1355,149,550
1356,151,550
1358,152,551
1356,153,551
1358,152,551
1359,153,551
1359,153,551
1357,153,552
1356,155,552
1358,153,552
1357,156,552
1360,156,552
1358,156,553
1358,154,553
1358,154,553
1357,153,553
1358,156,553
1359,153,554
1359,155,554
1358,152,554
1358,154,554
1358,153,554
1360,153,555
1359,152,555
1364,151,555
1359,151,555
1358,152,555
1361,153,556
1361,149,556
1360,149,556
1359,148,556
1367,151,556
1367,149,557
1366,145,557
1368,148,557
1367,146,557
1360,145,557
1359,149,558
1361,146,558
1361,148,558
1359,147,558
1365,148,558
1360,145,559
1360,145,559
1360,146,559
1364,143,559
1362,147,559
1360,146,560
1361,148,560
1362,148,560
1364,145,560
1367,146,560
1363,144,561
1363,142,561
1359,142,561
1360,139,561
1361,136,561
1360,134,562
1359,133,562
1361,135,562
1360,133,562
1361,130,562
1359,128,563
1359,130,563
1361,129,563
1359,129,563
1363,125,563
1359,128,564
1360,127,564
1361,127,564
1361,126,564
1361,127,564
1362,128,565
1362,126,565
1360,125,565
1362,125,565
1363,125,565
1359,126,566
1361,127,566
1362,125,566
1360,125,566
1360,127,566
1370,126,567
1359,121,567
1359,119,567
1360,121,567
1362,120,567
1360,121,568
1362,120,568
1359,118,568
1362,118,568
1360,115,568
1360,118,569
1360,113,569
1360,112,569
1360,112,569
1359,114,569
1361,111,570
1359,109,570
1360,108,570
1360,108,570
1361,108,570
1360,108,571
1361,109,571
1361,109,571
1362,108,571
1361,104,571
1365,106,572
1361,106,572
1361,106,572
1362,108,572
1361,110,572
1362,110,573
1362,109,573
1359,110,573
1363,108,573
1360,109,573
1361,106,574
1361,108,574
1363,111,574
1361,113,574
1362,114,574
1363,113,575
1364,112,575
1362,111,575
1363,110,575
1362,106,575
1362,106,576
1362,106,576
1363,106,576
1362,108,576
1362,106,576
1370,104,576
1364,101,577
1360,99,577
1360,99,577
1363,98,577
1363,97,577
1362,99,578
1362,100,578
1362,100,578
1361,100,578
1362,100,578
1362,102,579
1362,104,579
1362,98,579
1362,99,579
1362,99,579
1362,98,580
1363,100,580
1362,101,580
1364,101,580
1364,103,580
1365,104,581
1363,105,581
1364,106,581
1364,107,581
1365,108,581
1363,106,582
1365,107,582
1364,108,582
1367,108,582
1366,107,582
1365,109,583
1366,108,583
1365,108,583
1365,108,583
1365,108,583
1366,110,584
1365,110,584
1366,111,584
1367,111,584
1367,112,584
1367,113,585
1366,111,585
1366,111,585
1369,113,585
1367,113,585
1366,111,586
1368,109,586
1368,109,586
1368,110,586
1374,109,586
1370,110,587
1371,109,587
1372,108,587
1369,108,587
1368,107,587
1368,108,588
1367,110,588
1375,109,588
1375,108,588
1374,109,588
1373,108,589
1374,108,589
1374,108,589
1376,104,589
1374,106,589
1374,105,590
1375,102,590
1373,104,590
1375,102,590
1375,100,590
1375,102,591
1375,105,591
1375,104,591
1376,106,591
1375,106,591
1374,104,592
1375,103,592
1374,101,592
1376,101,592
1376,98,592
1376,99,593
1376,103,593
1375,104,593
1376,108,593
1376,103,593
1376,104,594
1376,105,594
1376,106,594
1377,109,594
1377,110,594
1376,108,595
1377,108,595
1377,108,595
1376,109,595
1377,109,595
1378,109,596
1378,110,596
1379,110,596
1377,111,596
1379,110,596
1378,109,597
1379,109,597
1377,109,597
1378,108,597
1378,106,597
1378,107,598
1378,105,598
1378,105,598
1377,104,598
1378,104,598
1378,105,599
1379,105,599
1377,105,599
1379,107,599
1379,106,599
1378,105,600
1377,108,600
1379,106,600
1379,107,600
1379,106,600
1379,106,601
1379,106,601
1379,104,601
1379,105,601
1378,104,601
1379,104,602
1379,105,602
1381,103,602
1378,102,602
1379,102,602
1378,100,603
1380,100,603
1381,100,603
1378,96,603
1379,98,603
1380,96,604
1379,93,604
1379,91,604
1380,91,604
1379,91,604
1378,93,605
1379,91,605
1379,94,605
1379,92,605
1379,93,605
1380,92,606
1379,92,606
1377,92,606
1379,91,606
1379,89,606
1378,91,607
1379,88,607
1380,91,607
1379,89,607
1380,91,607
1379,91,608
1379,90,608
1379,91,608
1380,91,608
1380,89,608
1381,90,609
1379,93,609
1381,93,609
1381,91,609
1380,93,609
1381,93,610
1382,92,610
1379,93,610
1380,91,610
1381,92,610
1382,90,611
1382,93,611
1382,91,611
1382,94,611
1383,97,611
1383,97,611
1382,101,612
1382,98,612
1382,99,612
1383,102,612
1382,102,612
1383,101,613
1384,102,613
1384,101,613
1383,102,613
1384,103,613
1383,100,614
1383,101,614
1384,102,614
1384,102,614
1384,101,614
1384,102,615
1384,101,615
1384,102,615
1384,103,615
1384,105,615
1385,104,616
1385,102,616
1384,102,616
1385,102,616
1385,99,616
1384,101,617
1386,102,617
1384,103,617
1384,101,617
1383,97,617
1384,96,618
1383,94,618
1384,91,618
1384,93,618
1384,92,618
1384,89,619
1384,89,619
1385,87,619
1383,88,619
1384,87,619
1384,87,620
1383,87,620
1384,87,620
1383,87,620
1383,86,620
1384,87,621
1384,87,621
1385,89,621
1384,84,621
1384,87,621
1385,89,622
1384,85,622
1384,83,622
1383,66,622
1381,78,622
1384,78,623
1384,78,623
1384,77,623
1384,77,623
1384,78,623
1385,76,624
1384,76,624
1384,79,624
1384,79,624
1384,79,624
1384,76,625
1384,76,625
1384,75,625
1385,74,625
1384,72,625
1383,72,626
1384,74,626
1384,70,626
1385,70,626
1384,72,626
1385,74,627
1386,76,627
1385,76,627
1384,78,627
1384,78,627
1384,78,628
1384,74,628
1384,76,628
1384,75,628
1384,75,628
1384,74,629
1385,76,629
1384,73,629
1384,72,629
1384,75,629
1384,74,630
1384,73,630
1377,74,630
1378,74,630
1378,76,630
1379,75,631
1377,72,631
1381,73,631
1377,70,631
1380,67,631
1380,60,632
1377,72,632
1377,76,632
1380,77,632
1378,78,632
1378,80,633
1379,79,633
1379,80,633
1380,79,633
1380,80,633
1379,78,634
1378,77,634
1379,77,634
1379,77,634
1379,79,634
1380,76,635
1380,76,635
1379,78,635
1379,76,635
1379,77,635
1379,76,636
1378,79,636
1379,81,636
1380,81,636
1380,80,636
1387,79,637
1381,80,637
1379,79,637
1379,79,637
1381,80,637
1381,80,638
1379,80,638
1380,79,638
1381,76,638
1381,78,638
1383,80,639
1380,79,639
1381,82,639
1381,78,639
1379,80,639
1382,83,640
1381,82,640
1381,84,640
1382,84,640
1382,83,640
1383,84,640
1383,84,641
1381,82,641
1382,84,641
1389,84,641
1384,86,641
1383,84,642
1384,82,642
1383,83,642
1383,83,642
1382,83,642
1382,84,643
1382,83,643
1384,85,643
1384,83,643
1382,84,643
1382,85,644
1384,87,644
1384,85,644
1384,89,644
1384,88,644
1382,87,645
1383,87,645
1384,88,645
1383,85,645
1382,86,645
1384,86,646
1385,86,646
1384,84,646
1384,84,646
1392,87,646
1385,87,647
1384,88,647
1384,87,647
1383,88,647
1385,88,647
1384,89,648
1388,89,648
1387,92,648
1387,93,648
1385,97,648
1388,101,649
1388,105,649
1388,106,649
1387,106,649
1389,105,649
1390,106,650
1388,107,650
1389,106,650
1388,106,650
1390,106,650
1390,105,651
1389,105,651
1389,108,651
1389,108,651
1389,108,651
1390,108,652
1388,108,652
1392,110,652
1391,110,652
1389,109,652
1391,108,653
1389,108,653
1390,109,653
1392,111,653
1390,110,653
1390,109,654
1390,109,654
1390,109,654
1391,108,654
1392,107,654
1392,108,655
1390,106,655
1390,107,655
1390,106,655
1392,108,655
1391,109,656
1391,109,656
1391,107,656
1392,109,656
1392,108,656
1400,108,657
1391,108,657
1393,108,657
1390,106,657
1393,106,657
1391,106,658
1392,106,658
1392,104,658
1392,106,658
1391,105,658
1392,105,659
1392,105,659
1393,105,659
1391,105,659
1391,106,659
1393,106,660
1394,106,660
1394,104,660
1392,104,660
1393,105,660
1393,106,661
1392,108,661
1395,104,661
1395,105,661
1394,107,661
1393,106,662
1393,105,662
1393,106,662
1393,108,662
1398,109,662
1401,106,663
1402,106,663
1401,108,663
1403,106,663
1401,107,663
1403,106,664
1396,107,664
1394,106,664
1395,105,664
1403,107,664
1395,108,665
1396,107,665
1394,107,665
1395,106,665
1395,104,665
1395,104,666
1396,104,666
1396,104,666
1396,105,666
1396,106,666
1404,107,667
1397,106,667
1397,105,667
1396,108,667
1399,107,667
1397,107,668
1396,107,668
1399,106,668
1397,108,668
1402,107,668
1398,106,669
1397,108,669
1395,107,669
1397,108,669
1397,106,669
1398,108,670
1400,109,670
1399,108,670
1400,110,670
1398,109,670
1397,110,671
1397,109,671
1398,110,671
1397,111,671
1398,108,671
1398,110,672
1398,109,672
1397,108,672
1400,110,672
1399,109,672
1403,109,673
1398,108,673
1399,110,673
1401,111,673
1407,110,673
1403,108,674
1400,110,674
1398,110,674
1402,111,674
1400,110,674
1400,109,675
1400,108,675
1400,109,675
1400,110,675
1409,106,675
1407,108,675
1407,106,676
1403,106,676
1401,108,676
1403,108,676
1408,108,676
1405,109,677
1402,108,677
1401,106,677
1401,108,677
1403,106,677
1402,110,678
1402,108,678
1402,109,678
1403,108,678
1401,109,678
1403,110,679
1402,109,679
1403,109,679
1403,108,679
1402,109,679
1403,108,680
1403,109,680
1402,108,680
1401,109,680
1403,106,680
1401,108,681
1401,106,681
1401,107,681
1403,110,681
1401,108,681
1404,109,682
1401,108,682
1403,106,682
1404,107,682
1403,107,682
1404,107,683
1403,108,683
1403,108,683
1403,109,683
1408,109,683
1403,108,684
1403,108,684
1403,109,684
1402,109,684
1403,109,684
1403,109,685
1404,108,685
1404,110,685
1404,109,685
1402,108,685
1403,108,686
1403,109,686
1403,109,686
1404,108,686
1406,110,686
1411,108,687
1405,110,687
1405,108,687
1406,108,687
1406,109,687
1404,109,688
1405,106,688
1403,108,688
1404,107,688
1408,108,688
1404,107,689
1407,108,689
1404,105,689
1404,104,689
1404,105,689
1405,107,690
1406,106,690
1405,106,690
1405,105,690
1406,106,690
1406,108,691
1406,107,691
1406,105,691
1405,105,691
1406,106,691
1406,106,692
1406,107,692
1405,108,692
1407,105,692
1406,108,692
1408,109,693
1408,106,693
1408,108,693
1408,109,693
1408,106,693
1406,109,694
1410,108,694
1406,108,694
1408,108,694
1406,107,694
1409,106,695
1416,106,695
1410,107,695
1409,108,695
1408,106,695
1407,106,696
1410,108,696
1410,107,696
1408,108,696
1407,108,696
1415,109,697
1408,106,697
1407,108,697
1408,107,697
1409,107,697
1410,109,698
1409,108,698
1409,107,698
1410,106,698
1410,109,698
1410,105,699
1409,106,699
1408,105,699
1410,105,699
1410,104,699
1408,106,700
1410,105,700
1410,105,700
1409,106,700
1412,104,700
1410,105,701
1409,105,701
1410,104,701
1410,105,701
1410,106,701
1410,105,702
1410,106,702
1409,105,702
1411,106,702
1410,107,702
1410,105,703
1410,106,703
1411,105,703
1411,105,703
1410,105,703
1410,102,704
1410,102,704
1410,101,704
1410,102,704
1410,104,704
1411,104,705
1410,103,705
1411,104,705
1411,104,705
1411,102,705
1411,102,706
1412,104,706
1412,105,706
1410,102,706
1411,103,706
1421,105,707
1413,105,707
1410,102,707
1411,101,707
1413,101,707
1416,100,708
1411,100,708
1413,99,708
1415,97,708
1418,96,708
1418,100,709
1420,97,709
1421,100,709
1419,100,709
1420,100,709
1420,101,710
1420,101,710
1420,98,710
1421,101,710
1420,97,710
1421,98,711
1421,100,711
1420,100,711
1421,97,711
1421,98,711
1420,99,712
1421,98,712
1421,98,712
1420,98,712
1422,97,712
1420,100,713
1420,96,713
1421,96,713
1420,96,713
1421,93,713
1422,96,713
1421,94,714
1420,93,714
1421,93,714
1421,93,714
1421,91,714
1420,91,715
1420,91,715
1420,88,715
1421,87,715
1420,87,715
1420,86,716
1420,87,716
1421,85,716
1420,85,716
1421,86,716
1421,87,717
1422,87,717
1420,86,717
1420,85,717
1420,84,717
1420,87,718
1420,87,718
1422,87,718
1422,88,718
1421,88,718
1422,89,719
1422,89,719
1420,90,719
1423,91,719
1423,89,719
1422,90,720
1422,89,720
1421,88,720
1423,88,720
1421,88,720
1422,91,721
1422,85,721
1422,87,721
1422,85,721
1422,86,721
1422,87,722
1423,86,722
1423,85,722
1422,83,722
1422,84,722
1421,85,723
1422,81,723
1422,83,723
1424,84,723
1422,82,723
1422,82,724
1423,83,724
1422,80,724
1424,83,724
1425,84,724
1424,85,725
1424,85,725
1425,85,725
1424,85,725
1424,84,725
1424,85,726
1423,84,726
1423,82,726
1424,84,726
1423,83,726
1426,84,727
1424,80,727
1424,80,727
1424,78,727
1424,75,727
1423,75,728
1423,76,728
1423,77,728
1424,79,728
1422,80,728
1424,78,729
1423,77,729
1424,78,729
1425,76,729
1423,76,729
1424,79,730
1426,79,730
1423,78,730
1424,78,730
1425,78,730
1426,78,731
1425,76,731
1424,76,731
1424,75,731
1422,74,731
1425,71,732
1425,69,732
1423,69,732
1424,70,732
1424,71,732
1423,71,733
1424,72,733
1424,71,733
1424,69,733
1423,70,733
1424,70,734
1423,68,734
1424,68,734
1425,70,734
1423,69,734
1423,69,735
1425,70,735
1426,70,735
1425,71,735
1423,71,735
1424,68,736
1425,70,736
1424,70,736
1424,71,736
1425,71,736
1425,69,737
1423,69,737
1424,70,737
1424,69,737
1425,69,737
1426,67,738
1425,67,738
1425,67,738
1426,65,738
1425,66,738
1425,66,739
1425,64,739
1426,66,739
1425,67,739
1424,69,739
1424,68,740
1425,69,740
1425,67,740
1426,68,740
1425,70,740
1427,71,741
1426,67,741
1426,67,741
1425,63,741
1425,63,741
1425,66,741
1426,67,742
1427,68,742
1426,67,742
1426,69,742
1426,66,742
1426,66,743
1426,69,743
1426,67,743
1427,66,743
1425,66,743
1426,65,744
1426,67,744
1425,66,744
1426,63,744
1426,63,744
1426,61,745
1426,62,745
1426,64,745
1426,62,745
1425,61,745
1427,61,746
1426,62,746
1428,64,746
1426,64,746
1428,67,746
1429,64,747
1426,62,747
1425,62,747
1425,64,747
1427,63,747
1426,62,748
1427,61,748
1428,65,748
1424,61,748
1424,57,748
1425,59,749
1426,58,749
1426,62,749
1425,60,749
1425,59,749
1418,57,750
1420,59,750
1418,60,750
1419,59,750
1421,61,750
1423,61,751
1419,58,751
1422,58,751
1425,58,751
1419,58,751
1420,58,752
1420,57,752
1422,58,752
1424,59,752
1426,62,752
1421,61,753
1420,63,753
1426,62,753
1427,61,753
1424,61,753
1422,62,754
1428,63,754
1420,65,754
1425,64,754
1429,67,754
1422,70,755
1424,71,755
1427,72,755
1428,73,755
1425,74,755
1423,74,756
1422,74,756
1421,74,756
1430,75,756
1431,74,756
1431,75,757
1431,75,757
1431,75,757
1430,75,757
1433,76,757
1431,75,758
1432,74,758
1431,75,758
1430,73,758
1430,74,758
1431,75,759
1430,72,759
1431,75,759
1431,74,759
1426,73,759
1424,73,760
1423,75,760
1423,73,760
1423,74,760
1424,73,760
1426,72,761
1422,72,761
1424,73,761
1424,74,761
1424,72,761
1424,72,762
1425,74,762
1424,72,762
1423,75,762
1423,72,762
1427,71,763
1425,72,763
1424,70,763
1424,70,763
1423,71,763
1424,73,764
1427,72,764
1431,73,764
1434,75,764
1434,75,764
1434,74,765
1433,73,765
1433,75,765
1434,74,765
1434,72,765
1432,74,766
1433,73,766
1433,74,766
1433,75,766
1434,74,766
1434,76,767
1435,72,767
1432,72,767
1425,73,767
1426,75,767
1434,72,768
1425,71,768
1427,71,768
1434,74,768
1434,75,768
1434,76,769
1436,74,769
1434,74,769
1434,75,769
1435,75,769
1434,75,769
1434,72,770
1433,75,770
1434,76,770
1434,74,770
1434,73,770
1434,74,771
1435,75,771
1435,75,771
1432,74,771
1431,71,771
1426,76,772
1427,79,772
1425,79,772
1428,78,772
1429,77,772
1435,79,773
1429,78,773
1427,78,773
1429,79,773
1429,78,773
1428,80,774
1429,79,774
1429,79,774
1429,79,774
1429,79,774
1435,80,775
1430,77,775
1429,79,775
1434,79,775
1431,79,775
1432,76,776
1429,78,776
1429,75,776
1430,76,776
1429,79,776
1439,76,777
1437,74,777
1433,76,777
1434,73,777
1430,76,777
1429,74,778
1429,72,778
1430,74,778
1435,73,778
1433,73,778
1435,70,779
1429,70,779
1430,71,779
1428,70,779
1430,70,779
1429,71,780
1429,69,780
1429,68,780
1432,71,780
1432,69,780
1436,70,781
1430,68,781
1429,67,781
1430,67,781
1437,66,781
1429,66,782
1438,66,782
1438,66,782
1438,66,782
1438,65,782
1439,65,783
1438,65,783
1436,66,783
1438,66,783
1436,63,783
1437,66,784
1433,65,784
1428,62,784
1429,63,784
1428,65,784
1431,66,785
1429,66,785
1437,66,785
1429,65,785
1429,66,785
1429,67,786
1429,66,786
1431,69,786
1429,67,786
1428,70,786
1436,69,787
1435,66,787
1435,68,787
1429,69,787
1430,67,787
1430,69,788
1431,69,788
1430,68,788
1431,66,788
1431,66,788
1429,67,789
1435,69,789
1433,67,789
1431,68,789
1431,67,789
1430,67,790
1430,67,790
1431,66,790
1432,66,790
1432,67,790
1434,65,791
1432,67,791
1432,67,791
1436,67,791
1433,67,791
1432,67,792
1431,67,792
1432,67,792
1433,68,792
1438,68,792
1432,67,793
1430,67,793
1431,65,793
1429,65,793
1432,65,793
1431,63,794
1432,66,794
1431,65,794
1432,64,794
1431,66,794
1432,67,795
1433,67,795
1431,66,795
1432,67,795
1433,65,795
1431,65,796
1431,63,796
1431,66,796
1432,64,796
1435,64,796
1437,65,797
1439,65,797
1432,67,797
1435,67,797
1434,65,797
1433,64,797
1433,63,798
1433,65,798
1442,63,798
1435,63,798
1435,65,798
1437,65,799
1437,64,799
1433,65,799
1439,65,799
1440,65,799
1433,63,800
1434,64,800
1434,62,800
1433,62,800
1432,62,800
1437,61,801
1434,63,801
1435,61,801
1433,62,801
1433,61,801
1434,63,802
1433,63,802
1436,62,802
1434,63,802
1434,61,802
1442,62,803
1434,62,803
1436,61,803
1435,61,803
1433,63,803
1435,59,804
1437,60,804
1435,61,804
1434,61,804
1440,59,804
1438,62,805
1435,61,805
1439,62,805
1436,62,805
1435,60,805
1434,62,806
1433,61,806
1435,62,806
1436,62,806
1434,61,806
1442,61,807
1435,62,807
1435,59,807
1433,59,807
1434,62,807
1433,62,808
1435,59,808
1435,60,808
1436,58,808
1435,60,808
1433,58,809
1434,58,809
1434,57,809
1435,59,809
1435,57,809
1436,61,810
1435,59,810
1436,60,810
1437,55,810
1434,59,810
1435,60,811
1435,58,811
1436,58,811
1434,58,811
1435,55,811
1435,57,812
1435,55,812
1436,57,812
1435,56,812
1435,57,812
1436,57,813
1434,58,813
1434,57,813
1435,57,813
1435,57,813
1437,57,814
1439,58,814
1438,59,814
1435,57,814
1435,58,814
1435,57,815
1436,58,815
1435,57,815
1436,59,815
1435,58,815
1437,57,816
1436,56,816
1436,57,816
1436,58,816
1436,55,816
1443,58,817
1443,57,817
1436,57,817
1435,58,817
1436,55,817
1435,54,818
1437,55,818
1436,56,818
1436,53,818
1435,50,818
1434,50,819
1436,53,819
1436,52,819
1435,50,819
1440,52,819
1436,52,820
1436,52,820
1435,53,820
1444,52,820
1440,51,820
1440,51,821
1437,53,821
1438,53,821
1439,52,821
1436,52,821
1438,53,822
1435,53,822
1439,54,822
1445,52,822
1446,54,822
1445,57,823
1445,53,823
1446,53,823
1445,53,823
1446,56,823
1440,54,824
1437,52,824
1436,53,824
1436,54,824
1439,54,824
1440,55,825
1437,53,825
1436,54,825
1437,54,825
1440,53,825
1438,52,826
1437,52,826
1437,52,826
1438,49,826
1436,52,826
1438,50,826
1446,50,827
1439,52,827
1438,50,827
1439,53,827
1439,50,827
1442,51,828
1441,49,828
1437,45,828
1446,48,828
1443,48,828
1444,47,829
1445,47,829
1445,48,829
1445,50,829
1447,47,829
1444,46,830
1444,48,830
1445,47,830
1445,50,830
1446,49,830
1446,48,831
1445,45,831
1447,45,831
1446,47,831
1447,47,831
1446,44,832
1447,45,832
1446,46,832
1446,46,832
1446,46,832
1447,45,833
1446,47,833
1446,48,833
1447,48,833
1447,49,833
1447,50,834
1447,50,834
1447,48,834
1448,49,834
1447,52,834
1448,49,835
1448,52,835
1447,52,835
1447,52,835
1447,50,835
1447,52,836
1448,50,836
1447,50,836
1447,50,836
1448,50,836
1447,50,837
1448,49,837
1448,48,837
1447,48,837
1447,48,837
1448,49,838
1448,48,838
1449,48,838
1448,48,838
1449,46,838
1446,45,839
1446,45,839
1447,44,839
1447,44,839
1449,46,839
1447,46,840
1448,48,840
1448,46,840
1448,47,840
1448,48,840
1447,47,841
1447,46,841
1448,44,841
1448,46,841
1448,46,841
1448,48,842
1448,45,842
1448,47,842
1448,46,842
1448,46,842
1448,46,843
1447,46,843
1449,45,843
1448,45,843
1447,44,843
1448,44,844
1449,41,844
1449,46,844
1449,36,844
1447,34,844
1447,35,845
1448,33,845
1447,36,845
1448,44,845
1448,37,845
1448,38,846
1448,37,846
1447,36,846
1448,43,846
1450,48,846
1449,49,847
1448,48,847
1449,46,847
1449,47,847
1448,42,847
1449,41,848
1450,45,848
1450,45,848
1448,46,848
1448,44,848
1447,40,849
1449,42,849
1448,46,849
1448,44,849
1449,43,849
1449,42,850
1448,46,850
1449,45,850
1448,45,850
1449,42,850
1450,43,851
1449,45,851
1449,45,851
1448,45,851
1450,46,851
1450,44,852
1450,44,852
1448,46,852
1449,44,852
1449,46,852
1450,46,853
1449,45,853
1449,46,853
1449,47,853
1450,45,853
1449,46,854
1459,46,854
1457,44,854
1454,43,854
1455,45,854
1454,45,855
1455,45,855
1455,47,855
1455,46,855
1455,45,855
1456,49,855
1455,49,856
1456,47,856
1454,50,856
1456,49,856
1455,50,856
1456,49,857
1456,50,857
1455,50,857
1455,49,857
1456,50,857
1455,49,858
1457,52,858
1456,50,858
1456,51,858
1456,53,858
1456,52,859
1456,53,859
1455,50,859
1457,50,859
1456,51,859
1458,52,860
1456,51,860
1459,52,860
1456,51,860
1457,52,860
1456,51,861
1455,52,861
1457,52,861
1457,53,861
1457,53,861
1456,52,862
1456,51,862
1456,53,862
1458,52,862
1455,50,862
1457,50,863
1457,47,863
1456,49,863
1455,50,863
1455,49,863
1457,49,864
1456,49,864
1457,50,864
1456,50,864
1457,48,864
1456,46,865
1457,48,865
1457,45,865
1456,47,865
1456,46,865
1456,48,866
1456,46,866
1458,48,866
1457,45,866
1456,47,866
1458,47,867
1457,46,867
1458,48,867
1456,46,867
1457,45,867
1457,48,868
1456,44,868
1458,48,868
1457,47,868
1455,45,868
1457,46,869
1454,45,869
1456,41,869
1455,42,869
1457,42,869
1456,41,870
1456,41,870
1457,40,870
1455,41,870
1456,37,870
1455,39,871
1454,42,871
1455,41,871
1448,40,871
1450,42,871
1448,42,872
1448,40,872
1448,40,872
1450,42,872
1449,38,872
1451,41,873
1447,39,873
1448,41,873
1448,39,873
1450,40,873
1448,39,874
1448,40,874
1448,38,874
1448,37,874
1448,39,874
1447,37,875
1447,40,875
1449,37,875
1448,39,875
1449,37,875
1451,39,876
1448,40,876
1450,39,876
1449,37,876
1448,36,876
1452,37,877
1456,39,877
1448,36,877
1448,36,877
1448,36,877
1450,37,878
1448,39,878
1448,38,878
1448,36,878
1448,34,878
1450,37,879
1448,38,879
1447,37,879
1449,36,879
1449,37,879
1449,37,880
1448,37,880
1450,39,880
1449,37,880
1448,38,880
1449,39,881
1449,40,881
1448,37,881
1448,37,881
1449,37,881
1450,38,882
1449,37,882
1449,37,882
1449,40,882
1449,37,882
1455,37,883
1448,38,883
1450,39,883
1450,37,883
1448,37,883
1448,39,884
1448,36,884
1449,38,884
1449,33,884
1491,199,884
1444,13,884
1443,138,885
1467,182,885
1503,312,885
1500,225,885
1485,124,885
1444,2,886
1460,161,886
1478,196,886
1483,206,886
1485,207,886
1495,100,887
1442,3,887
1506,386,887
1519,425,887
1542,497,887
1539,503,888
1531,428,888
1540,509,888
1541,496,888
1540,509,888
1545,507,889
1545,508,889
1546,506,889
1545,507,889
1545,504,889
1547,505,890
1545,502,890
1543,476,890
1527,116,890
1546,494,890
1478,220,891
1546,368,891
1541,503,891
1546,298,891
1547,501,891
1525,448,892
1546,466,892
1530,403,892
1531,465,892
1539,455,892
1541,463,893
1534,397,893
1533,412,893
1537,390,893
1527,390,893
1529,386,894
1527,378,894
1528,388,894
1528,391,894
1532,404,894
1534,407,895
1534,410,895
1537,416,895
1536,414,895
1538,421,895
1542,425,896
1539,416,896
1539,416,896
1538,421,896
1540,420,896
1546,427,897
1549,410,897
1536,385,897
1536,396,897
1536,402,897
1538,398,898
1537,391,898
1535,384,898
1535,389,898
1537,391,898
1537,393,899
1538,394,899
1539,397,899
1539,403,899
1541,408,899
1543,415,900
1544,420,900
1545,419,900
1545,418,900
1547,421,900
1546,424,901
1546,423,901
1547,424,901
1547,424,901
1546,423,901
1546,420,902
1544,409,902
1542,394,902
1543,390,902
1544,393,902
1544,399,903
1541,381,903
1542,387,903
1544,395,903
1545,388,903
1546,390,904
1554,403,904
1555,395,904
1554,383,904
1551,382,904
1553,379,905
1550,370,905
1553,370,905
1546,369,905
1547,378,905
1545,371,906
1544,371,906
1545,367,906
1544,364,906
1542,360,906
1545,362,907
1550,362,907
1544,358,907
1545,359,907
1544,346,907
1545,351,908
1542,354,908
1544,351,908
1545,362,908
1543,348,908
1546,356,909
1544,350,909
1545,351,909
1545,361,909
1547,363,909
1546,358,910
1546,350,910
1547,363,910
1549,360,910
1547,358,910
1547,350,911
1550,355,911
1550,360,911
1551,364,911
1550,360,911
1550,368,912
1551,358,912
1550,362,912
1551,363,912
1551,363,912
1551,364,913
1556,363,913
1552,360,913
1551,358,913
1554,353,913
1551,345,914
1549,350,914
1549,339,914
1553,348,914
1552,350,914
1552,346,915
1551,338,915
1548,341,915
1552,345,915
1553,359,915
1555,354,916
1554,360,916
1557,370,916
1558,372,916
1559,376,916
1560,380,917
1568,374,917
1561,375,917
1560,378,917
1558,368,917
1559,369,918
1559,364,918
1558,364,918
1558,360,918
1559,362,918
1559,368,919
1559,375,919
1561,375,919
1561,376,919
1563,376,919
1560,372,920
1562,369,920
1563,370,920
1563,372,920
1562,369,920
1564,373,921
1563,369,921
1562,370,921
1563,369,921
1564,366,921
1562,361,922
1564,363,922
1563,365,922
1563,368,922
1565,365,922
1564,365,923
1566,365,923
1567,368,923
1567,371,923
1564,367,923
1566,362,923
1567,367,924
1566,367,924
1570,367,924
1569,370,924
1569,365,924
1568,365,925
1568,366,925
1571,372,925
1571,377,925
1571,376,925
1572,377,926
1571,370,926
1572,363,926
1570,362,926
1569,356,926
1569,355,927
1578,356,927
1570,358,927
1570,358,927
1570,358,927
1570,356,928
1573,363,928
1573,368,928
1575,372,928
1575,372,928
1576,365,929
1574,368,929
1574,364,929
1578,364,929
1576,360,929
1572,363,930
1576,363,930
1576,368,930
1575,366,930
1575,368,930
1576,367,931
1578,363,931
1576,364,931
1576,363,931
1576,365,931
1576,363,932
1580,365,932
1578,366,932
1579,369,932
1580,366,932
1577,360,933
1577,358,933
1578,359,933
1579,358,933
1581,360,933
1581,354,934
1578,353,934
1577,356,934
1581,352,934
1578,349,934
1577,349,935
1586,350,935
1578,349,935
1580,339,935
1581,339,935
1576,338,936
1584,339,936
1581,339,936
1577,337,936
1586,336,936
1579,337,937
1588,340,937
1588,351,937
1588,356,937
1583,358,937
1583,361,938
1590,363,938
1585,363,938
1591,362,938
1592,363,938
1593,362,939
1593,352,939
1587,345,939
1590,341,939
1589,336,939
1582,342,940
1589,339,940
1584,339,940
1582,334,940
1587,337,940
1585,339,941
1583,334,941
1586,330,941
1583,332,941
1583,337,941
1584,343,942
1586,343,942
1587,350,942
1586,351,942
1589,350,942
1586,342,943
1587,338,943
1586,342,943
1587,341,943
1586,344,943
1588,347,944
1587,344,944
1589,346,944
1588,341,944
1589,339,944
1588,341,945
1587,338,945
1587,337,945
1590,329,945
1586,329,945
1587,324,946
1587,324,946
1588,330,946
1590,329,946
1587,326,946
1586,328,947
1597,335,947
1589,328,947
1591,335,947
1592,341,947
1591,342,948
1591,339,948
1594,333,948
1590,328,948
1593,333,948
1599,334,949
1601,340,949
1601,340,949
1600,341,949
1601,342,949
1603,339,950
1602,345,950
1603,345,950
1604,344,950
1603,346,950
1604,348,951
1605,343,951
1604,346,951
1604,343,951
1603,342,951
1606,342,952
1606,335,952
1605,337,952
1606,334,952
1605,342,952
1606,347,953
1606,346,953
1606,346,953
1607,348,953
1608,352,953
1609,355,954
1609,351,954
1609,350,954
1609,343,954
1608,346,954
1610,346,955
1609,343,955
1611,341,955
1607,341,955
1608,338,955
1608,333,956
1607,333,956
1608,334,956
1609,337,956
1609,330,956
1608,334,957
1611,335,957
1611,333,957
1611,334,957
1610,339,957
1610,337,958
1611,339,958
1613,345,958
1614,350,958
1615,351,958
1616,351,959
1615,348,959
1615,348,959
1614,343,959
1615,350,959
1615,345,960
1615,347,960
1615,343,960
1617,346,960
1616,343,960
1616,345,961
1614,343,961
1616,345,961
1618,345,961
1616,344,961
1616,338,962
1618,343,962
1618,341,962
1619,346,962
1619,345,962
1620,350,963
1619,350,963
1621,355,963
1622,350,963
1619,355,963
1621,354,963
1620,350,964
1621,352,964
1621,352,964
1621,352,964
1622,355,964
1623,352,965
1624,356,965
1623,353,965
1623,358,965
1625,358,965
1624,356,966
1624,356,966
1624,353,966
1624,352,966
1625,356,966
1624,356,967
1626,355,967
1626,356,967
1626,352,967
1626,348,967
1625,351,968
1626,352,968
1626,352,968
1627,356,968
1627,354,968
1627,352,969
1627,354,969
1628,356,969
1627,354,969
1628,355,969
1628,352,970
1628,353,970
1628,351,970
1628,354,970
1630,353,970
1627,353,971
1631,352,971
1629,349,971
1630,352,971
1630,352,971
1630,354,972
1630,355,972
1631,352,972
1631,351,972
1632,353,972
1633,351,973
1632,350,973
1630,349,973
1631,345,973
1630,348,973
1632,346,974
1632,345,974
1630,342,974
1631,340,974
1631,343,974
1634,347,975
1634,347,975
1634,348,975
1634,346,975
1635,349,975
1634,345,976
1633,343,976
1635,345,976
1633,337,976
1634,337,976
1633,339,977
1634,341,977
1634,343,977
1636,343,977
1634,341,977
1635,343,978
1635,345,978
1637,346,978
1636,343,978
1635,344,978
1637,347,979
1638,346,979
1638,345,979
1637,347,979
1638,347,979
1638,345,980
1639,347,980
1637,345,980
1638,346,980
1639,346,980
1638,348,981
1642,347,981
1640,349,981
1641,348,981
1641,347,981
1642,349,982
1642,348,982
1641,346,982
1642,347,982
1644,345,982
1640,339,983
1640,342,983
1640,344,983
1642,345,983
1643,346,983
1642,345,984
1642,341,984
1642,342,984
1643,341,984
1644,341,984
1645,342,985
1644,341,985
1643,336,985
1644,342,985
1644,342,985
1643,338,986
1643,342,986
1645,341,986
1645,340,986
1645,346,986
1647,343,987
1646,342,987
1646,344,987
1646,345,987
1647,342,987
1647,342,988
1647,342,988
1647,342,988
1648,340,988
1647,340,988
1648,339,989
1647,339,989
1647,337,989
1648,335,989
1647,334,989
1648,337,990
1647,335,990
1647,335,990
1647,332,990
1639,332,990
1640,337,991
1639,333,991
1640,332,991
1640,334,991
1641,336,991
1641,336,992
1640,334,992
1642,334,992
1641,334,992
1641,330,992
1642,329,993
1641,329,993
1642,330,993
1643,331,993
1642,328,993
1643,332,994
1643,334,994
1643,334,994
1645,333,994
1642,332,994
1644,326,995
1642,328,995
1642,321,995
1643,324,995
1643,330,995
1645,324,996
1643,320,996
1643,321,996
1645,317,996
1643,321,996
1644,325,997
1644,325,997
1653,326,997
1648,318,997
1644,315,997
1644,309,998
1645,317,998
1643,317,998
1647,319,998
1645,321,998
1647,324,999
1646,320,999
1649,319,999
1647,318,999
1647,317,999
1645,310,1000
1644,308,1000
1647,317,1000
1648,319,1000
1647,316,1000
1648,315,1001
1650,320,1001
1650,320,1001
1652,320,1001
1649,320,1001
1647,317,1002
1649,325,1002
1651,328,1002
1652,329,1002
1651,329,1002
1652,328,1003
1653,326,1003
1651,330,1003
1656,330,1003
1653,325,1003
1651,322,1004
1653,325,1004
1658,324,1004
1652,326,1004
1653,326,1004
1652,325,1005
1654,328,1005
1653,328,1005
1654,330,1005
1657,329,1005
1654,328,1005
1657,327,1006
1653,324,1006
1657,330,1006
1654,328,1006
1655,330,1006
1658,329,1007
1665,333,1007
1660,331,1007
1658,328,1007
1663,329,1007
1664,332,1008
1657,329,1008
1664,329,1008
1663,329,1008
1659,326,1008
1658,328,1009
1658,329,1009
1660,332,1009
1661,330,1009
1659,329,1009
1660,333,1010
1661,332,1010
1661,332,1010
1660,326,1010
1661,328,1010
1661,330,1011
1663,332,1011
1663,328,1011
1662,329,1011
1661,327,1011
1662,329,1012
1662,330,1012
1662,325,1012
1662,328,1012
1663,332,1012
1661,330,1013
1662,328,1013
1662,330,1013
1663,327,1013
1663,329,1013
1663,327,1014
1665,330,1014
1663,327,1014
1664,326,1014
1664,325,1014
1664,326,1015
1669,325,1015
1672,325,1015
1666,326,1015
1664,321,1015
1665,325,1016
1666,326,1016
1666,324,1016
1666,321,1016
1666,322,1016
1672,323,1017
1676,322,1017
1672,319,1017
1669,317,1017
1666,319,1017
1669,320,1018
1668,322,1018
1666,319,1018
1668,320,1018
1668,321,1018
1668,321,1019
1669,325,1019
1670,325,1019
1672,323,1019
1669,322,1019
1670,321,1020
1669,321,1020
1669,322,1020
1670,321,1020
1672,320,1020
1670,322,1021
1671,321,1021
1671,316,1021
1672,313,1021
1671,316,1021
1674,316,1022
1672,318,1022
1675,313,1022
1672,310,1022
1671,312,1022
1679,309,1023
1673,310,1023
1677,308,1023
1679,309,1023
1680,312,1023
1679,312,1024
1679,312,1024
1680,307,1024
1680,310,1024
1671,305,1024
1671,301,1025
1670,299,1025
1672,300,1025
1673,303,1025
1671,302,1025
1672,302,1026
1671,303,1026
1672,304,1026
1674,299,1026
1670,299,1026
1672,297,1027
1680,296,1027
1679,297,1027
1675,294,1027
1672,295,1027
1670,292,1028
1670,291,1028
1676,295,1028
1673,295,1028
1674,300,1028
1674,304,1029
1674,302,1029
1679,303,1029
1677,306,1029
1676,306,1029
1677,308,1030
1677,310,1030
1684,311,1030
1681,312,1030
1679,311,1030
1679,308,1031
1688,309,1031
1688,311,1031
1686,303,1031
1686,304,1031
1687,302,1032
1685,298,1032
1675,297,1032
1684,299,1032
1677,296,1032
1678,296,1033
1679,299,1033
1678,297,1033
1677,295,1033
1675,296,1033
1677,295,1034
1679,298,1034
1681,300,1034
1679,302,1034
1681,305,1034
1681,308,1035
1680,310,1035
1681,307,1035
1681,309,1035
1681,309,1035
1682,308,1036
1683,309,1036
1681,307,1036
1681,307,1036
1682,308,1036
1682,308,1037
1683,308,1037
1692,311,1037
1684,306,1037
1684,308,1037
1684,311,1038
1684,312,1038
1686,310,1038
1687,313,1038
1685,313,1038
1685,316,1039
1686,316,1039
1688,316,1039
1686,315,1039
1688,318,1039
1688,317,1040
1689,316,1040
1690,313,1040
1687,309,1040
1689,312,1040
1687,313,1041
1694,315,1041
1687,314,1041
1689,315,1041
1691,311,1041
1689,317,1042
1690,316,1042
1690,319,1042
1688,316,1042
1691,315,1042
1691,317,1043
1693,315,1043
1691,316,1043
1696,315,1043
1692,316,1043
1692,316,1044
1693,313,1044
1691,315,1044
1692,313,1044
1692,313,1044
1692,312,1045
1693,312,1045
1693,313,1045
1693,315,1045
1694,312,1045
1692,315,1046
1694,315,1046
1695,314,1046
1693,315,1046
1694,312,1046
1694,312,1047
1694,312,1047
1701,315,1047
1694,311,1047
1697,309,1047
1695,306,1048
1696,306,1048
1693,302,1048
1693,306,1048
1694,308,1048
1693,307,1049
1696,307,1049
1695,308,1049
1694,308,1049
1696,312,1049
1697,311,1050
1700,312,1050
1697,309,1050
1697,311,1050
1698,314,1050
1700,315,1051
1698,312,1051
1698,308,1051
1698,305,1051
1697,306,1051
1698,309,1052
1700,309,1052
1699,311,1052
1698,306,1052
1699,310,1052
1699,307,1053
1699,305,1053
1699,304,1053
1699,304,1053
1701,303,1053
1700,306,1054
1700,303,1054
1701,303,1054
1705,304,1054
1699,307,1054
1702,307,1055
1702,307,1055
1701,306,1055
1704,307,1055
1702,306,1055
1704,311,1056
1704,308,1056
1702,308,1056
1705,308,1056
1703,311,1056
1705,309,1057
1707,309,1057
1713,314,1057
1707,313,1057
1704,313,1057
1706,312,1058
1705,312,1058
1705,311,1058
1704,313,1058
1706,313,1058
1704,311,1059
1705,314,1059
1705,312,1059
1706,315,1059
1705,312,1059
1706,309,1060
1708,314,1060
1713,312,1060
1707,312,1060
1707,311,1060
1708,313,1061
1710,312,1061
1709,318,1061
1711,313,1061
1709,314,1061
1709,315,1062
1711,313,1062
1711,315,1062
1714,312,1062
1710,314,1062
1707,315,1063
1713,313,1063
1711,312,1063
1711,311,1063
1709,312,1063
1710,313,1064
1712,309,1064
1714,313,1064
1713,311,1064
1712,310,1064
1721,315,1065
1721,311,1065
1721,310,1065
1713,310,1065
1721,312,1065
1722,312,1066
1715,307,1066
1712,308,1066
1713,309,1066
1712,306,1066
1713,308,1067
1717,312,1067
1723,308,1067
1714,305,1067
1712,307,1067
1713,304,1068
1715,305,1068
1712,300,1068
1714,296,1068
1718,298,1068
1723,294,1069
1721,296,1069
1721,296,1069
1722,294,1069
1721,296,1069
1723,295,1070
1723,294,1070
1721,289,1070
1722,292,1070
1722,286,1070
1722,289,1071
1722,293,1071
1722,292,1071
1724,291,1071
1724,287,1071
1722,290,1072
1724,288,1072
1723,290,1072
1723,292,1072
1725,295,1072
1725,298,1073
1726,296,1073
1725,290,1073
1725,292,1073
1724,293,1073
1726,294,1074
1725,294,1074
1725,294,1074
1726,294,1074
1726,290,1074
1725,289,1075
1727,285,1075
1727,288,1075
1727,286,1075
1727,290,1075
1725,292,1076
1728,294,1076
1726,292,1076
1728,289,1076
1727,290,1076
1728,291,1077
1729,292,1077
1729,294,1077
1730,297,1077
1730,299,1078
1731,297,1078
1730,298,1078
1731,299,1078
1731,299,1078
1732,298,1079
1733,301,1079
1732,300,1079
1729,300,1079
1733,301,1079
1731,303,1080
1733,305,1080
1733,305,1080
1733,303,1080
1735,302,1080
1733,303,1081
1734,301,1081
1734,299,1081
1734,299,1081
1734,293,1081
1733,291,1082
1733,293,1082
1733,294,1082
1734,295,1082
1736,298,1082
1734,296,1083
1736,295,1083
1735,295,1083
1736,297,1083
1735,300,1083
1736,299,1084
1737,302,1084
1736,298,1084
1736,299,1084
1737,300,1084
1737,302,1085
1738,300,1085
1736,299,1085
1737,299,1085
1736,296,1085
1738,296,1086
1736,295,1086
1737,294,1086
1736,292,1086
1737,292,1086
1737,294,1087
1737,289,1087
1737,292,1087
1740,292,1087
1737,289,1087
1737,290,1088
1737,287,1088
1738,290,1088
1741,285,1088
1738,287,1088
1738,289,1089
1737,290,1089
1740,289,1089
1740,290,1089
1738,287,1089
1739,285,1090
1737,279,1090
1736,274,1090
1739,277,1090
1739,278,1090
1738,280,1091
1740,283,1091
1739,282,1091
1741,284,1091
1740,284,1091
1740,281,1092
1739,277,1092
1740,280,1092
1740,276,1092
1739,277,1092
1740,277,1093
1741,277,1093
1742,279,1093
1740,277,1093
1741,279,1093
1741,279,1094
1740,275,1094
1741,279,1094
1741,276,1094
1740,274,1094
1742,280,1095
1743,282,1095
1743,280,1095
1743,277,1095
1743,277,1095
1741,277,1096
1744,277,1096
1744,276,1096
1740,279,1096
1744,277,1096
1743,274,1097
1744,273,1097
1742,271,1097
1741,265,1097
1741,265,1097
1743,268,1098
1743,265,1098
1742,266,1098
1743,270,1098
1743,273,1098
1744,274,1099
1746,275,1099
1744,278,1099
1745,278,1099
1746,277,1099
1745,279,1100
1747,279,1100
1746,282,1100
1745,284,1100
1748,282,1100
1747,284,1101
1747,283,1101
1748,284,1101
1747,283,1101
1749,283,1102
1750,285,1102
1749,285,1102
1749,286,1102
1751,286,1102
1749,285,1103
1749,287,1103
1751,286,1103
1749,290,1103
1751,285,1103
1750,287,1104
1751,283,1104
1751,283,1104
1750,283,1104
1751,283,1104
1750,285,1105
1750,282,1105
1751,279,1105
1750,277,1105
1750,277,1105
1750,273,1106
1750,274,1106
1750,273,1106
1749,273,1106
1749,274,1106
1750,271,1107
1751,269,1107
1751,267,1107
1750,268,1107
1749,268,1107
1750,264,1108
1751,263,1108
1751,268,1108
1750,258,1108
1750,260,1108
1751,259,1109
1751,261,1109
1749,263,1109
1750,263,1109
1752,267,1109
1752,268,1110
1751,263,1110
1751,267,1110
1750,268,1110
1754,266,1110
1753,266,1111
1754,265,1111
1744,264,1111
1743,265,1111
1742,258,1111
1742,253,1112
1743,255,1112
1743,262,1112
1743,261,1112
1744,260,1112
1746,262,1113
1745,264,1113
1745,266,1113
1746,269,1113
1747,270,1113
1746,269,1114
1748,272,1114
1748,266,1114
1746,262,1114
1745,258,1114
1747,255,1115
1746,253,1115
1745,254,1115
1747,259,1115
1745,256,1115
1744,263,1116
1747,260,1116
1745,258,1116
1747,263,1116
1746,256,1116
1745,259,1117
1746,264,1117
1757,266,1117
1748,261,1117
1749,261,1117
1748,262,1118
1746,264,1118
1749,261,1118
1748,260,1118
1748,256,1118
1747,254,1119
1748,261,1119
1748,262,1119
1750,262,1119
1750,263,1119
1750,263,1120
1750,264,1120
1750,263,1120
1747,3,1120
1699,3,1120
1699,3,1121
1700,2,1121
1701,3,1121
1701,3,1121
1700,4,1121
1699,4,1122
1699,2,1122
1698,4,1122
1700,4,1122
1703,1,1122
1698,2,1123
1699,3,1123
1699,4,1123
1701,3,1123
1700,2,1123
1699,2,1124
1698,4,1124
1699,3,1124
1701,3,1124
1699,2,1124
1698,3,1125
1703,3,1125
1698,3,1125
1699,3,1125
1699,2,1125
1700,3,1126
1700,3,1126
1699,1,1126
1698,3,1126
1698,3,1126
1701,3,1127
1700,3,1127
1707,3,1127
1700,4,1127
1699,2,1127
1700,2,1128
1699,3,1128
1698,3,1128
1700,3,1128
1698,3,1128
1700,3,1129
1701,3,1129
1698,3,1129
1698,3,1129
1698,1,1129
1698,3,1130
1698,4,1130
1698,2,1130
1699,3,1130
1698,3,1130
1698,3,1131
1699,3,1131
1698,2,1131
1699,2,1131
1698,2,1131
1698,2,1132
1700,2,1132
1698,2,1132
1698,3,1132
1699,3,1132
1699,5,1133
1698,4,1133
1698,1,1133
1698,2,1133
1698,3,1133
1698,5,1134
1698,3,1134
1697,5,1134
1696,3,1134
1698,3,1134
1698,2,1135
1698,4,1135
1700,3,1135
1695,4,1135
1696,2,1135
1696,3,1136
1696,3,1136
1697,3,1136
1695,3,1136
1699,2,1136
1698,4,1137
1697,3,1137
1697,3,1137
1704,2,1137
1696,3,1137
1696,4,1138
1695,4,1138
1695,2,1138
1696,3,1138
1696,3,1138
1696,4,1139
1695,4,1139
1695,2,1139
1694,2,1139
1696,1,1139
1696,3,1140
1694,3,1140
1696,4,1140
1695,3,1140
1697,3,1140
1696,3,1141
1695,2,1141
1697,2,1141
1695,2,1141
1695,2,1141
1695,3,1142
1695,3,1142
1697,3,1142
1693,2,1142
1695,2,1142
1695,3,1143
1696,4,1143
1696,3,1143
1697,2,1143
1695,3,1143
1696,4,1144
1701,2,1144
1704,2,1144
1704,3,1144
1704,3,1144
1704,3,1144
1703,2,1145
1697,5,1145
1694,3,1145
1695,1,1145
1693,1,1145
1695,4,1146
1696,4,1146
1694,2,1146
1694,1,1146
1695,3,1146
1694,3,1147
1695,2,1147
1704,3,1147
1697,3,1147
1695,2,1147
1694,2,1148
1693,1,1148
1695,3,1148
1695,4,1148
1704,2,1148
1702,3,1149
1693,3,1149
1693,3,1149
1695,2,1149
1694,3,1149
1694,3,1150
1695,3,1150
1693,2,1150
1695,2,1150
1694,2,1150
1694,3,1151
1694,2,1151
1695,3,1151
1695,4,1151
1693,3,1151
1695,3,1152
1693,3,1152
1694,4,1152
1693,2,1152
1693,2,1152
1694,3,1153
1693,2,1153
1692,3,1153
1693,3,1153
1694,4,1153
1693,1,1154
1692,2,1154
1693,3,1154
1692,3,1154
1692,4,1154
1694,2,1155
1695,3,1155
1695,5,1155
1693,3,1155
1693,3,1155
1693,3,1156
1694,2,1156
1693,3,1156
1693,3,1156
1693,5,1156
1693,3,1157
1692,2,1157
1692,3,1157
1701,4,1157
1692,2,1157
1694,3,1158
1693,3,1158
1693,3,1158
1693,3,1158
1693,2,1158
1694,3,1159
1696,3,1159
1692,3,1159
1693,5,1159
1693,3,1159
1692,3,1160
1693,4,1160
1695,4,1160
1692,3,1160
1692,4,1160
1693,3,1161
1692,3,1161
1692,3,1161
1691,3,1161
1692,3,1161
1693,2,1162
1693,3,1162

Discharging...
36,22,0

Discharge cycle 1 done! C = -1.00
Charging...
861,239,0
1025,210,0
1047,191,0
1061,181,0
1073,171,0
1078,168,1
1083,160,1
1090,156,1
1095,152,1
1099,150,1
1105,145,2
1108,141,2
1113,138,2
1114,136,2
1120,134,2
1121,132,3
1125,127,3
1128,128,3
1131,126,3
1133,123,3
1134,121,4
1137,119,4
1137,121,4
1142,117,4
1143,116,4
1144,114,5
1145,115,5
1146,113,5
1148,110,5
1150,111,5
1151,109,6
1152,110,6
1154,105,6
1156,107,6
1156,107,6
1159,105,7
1159,103,7
1160,102,7
1161,102,7
1162,102,7
1164,104,7
1165,102,8
1165,99,8
1166,99,8
1167,97,8
1169,96,8
1171,96,9
1170,96,9
1171,96,9
1171,93,9
1174,94,9
1174,93,10
1175,92,10
1176,92,10
1175,91,10
1177,92,10
1179,91,11
1179,90,11
1179,91,11
1180,89,11
1179,89,11
1180,87,12
1183,89,12
1182,86,12
1183,85,12
1182,85,12
1184,87,13
1185,84,13
1186,84,13
1186,84,13
1186,85,13
1188,83,14
1188,85,14
1188,82,14
1189,82,14
1189,82,14
1189,79,15
1192,80,15
1191,82,15
1192,81,15
1192,80,15
1192,80,16
1193,80,16
1193,80,16
1195,79,16
1194,80,16
1195,79,17
1198,79,17
1196,77,17
1196,77,17
1197,77,17
1197,79,18
1198,77,18
1198,76,18
1199,76,18
1198,74,18
1200,75,19
1200,75,19
1201,73,19
1201,73,19
1202,74,19
1200,75,20
1203,72,20
1204,75,20
1203,71,20
1203,75,20
1203,75,21
1204,74,21
1206,73,21
1205,72,21
1205,71,21
1205,71,22
1206,71,22
Discharging...
133,76,0
56,67,0
Discharge cycle 1 done! C = 0.00

Charging...
935,173,0
1100,156,0
1108,146,0
1114,139,0
1125,134,0
1133,127,1
1137,124,1
1141,119,1
1145,120,1
1147,114,1
1151,113,2
1153,111,2
1154,109,2
1157,105,2
1160,103,2
1162,102,3
1165,102,3
1166,101,3
1168,97,3
1170,96,3
1172,96,4
1173,95,4
1175,93,4
1175,92,4
1178,92,4
1179,91,5
1180,89,5
1182,89,5
1183,89,5
1183,86,5
1183,87,6
1186,87,6
1186,83,6
1187,84,6
1187,83,6
1190,83,7
1191,83,7
1192,80,7
1192,80,7
1193,80,7
1194,80,7
1194,80,8
1196,78,8
1197,79,8
1197,76,8
1198,76,8
1197,77,9
1200,74,9

Charge cycle 1 done! C = 0.00

Discharging...
288,180,0
136,159,0
125,147,0
118,138,0
110,131,0
105,125,1
99,119,1

Discharge cycle 2 done! C = 0.00

Charging...
1007,130,0
1152,117,0
1159,109,0
1166,103,0
1169,99,0
1174,96,1
1176,92,1
1179,90,1
1182,91,1
1184,86,1
1185,85,2
1189,85,2
1188,83,2
1192,80,2
1193,81,2
1194,79,3
1196,79,3
1198,78,3
1198,77,3
1199,77,3
1200,74,4

Charge cycle 2 done! C = 0.00

Discharging...
284,175,0
134,155,0
121,142,0
113,135,0
107,128,0
101,121,1
98,118,1

Discharge cycle 3 done! C = 0.00

Charging...
1014,128,0
1153,115,0
1160,107,0
1168,102,0
1171,97,0
1174,96,1
1177,91,1
1181,90,1
1183,87,1
1185,85,1
1187,83,2
1188,82,2
1191,80,2
1192,79,2
1194,79,2
1196,76,3
1196,78,3
1198,76,3
1199,73,3
1200,75,3

Charge cycle 3 done! C = 0.00

Discharging...
289,182,0
139,162,0
128,149,0
118,141,0
111,135,0
105,127,1
101,124,1
96,117,1

Discharge cycle 3 done! C = 0.00

Discharging...
181,111,0
85,102,0

Discharge cycle 1 done! C = 0.00

Charging...
974,152,0
1121,135,0
1130,128,0
1137,122,0
1143,117,0
1147,113,1
1150,108,1
1155,105,1
1156,104,1
1161,100,1
4
5
6
7
8
9
990,147,1
1132,130,2
1140,124,2
1146,117,2
1152,113,2
1155,108,2
1157,104,3
1160,102,3
1164,98,3
1165,98,3
1167,96,3
1170,95,4
1179,92,4
1173,91,4
1177,88,4
1179,88,4
1179,85,5
1180,85,5
1181,83,5
1182,83,5
1185,79,5
1186,80,6
1186,81,6
1188,79,6
1190,79,6
1189,80,6
1183,82,7
1183,82,7
1185,82,7
1186,80,7
1187,81,7
1188,77,7
1190,78,8
1189,79,8
1192,76,8
1192,75,8
1192,75,8
1193,74,9
1193,74,9
1194,72,9
1195,74,9
1196,74,9
1196,71,10
1199,71,10
1199,70,10
1199,70,10
1198,72,10
1201,69,11

Charge cycle 1 done! C = 0.00

Discharging...
313,199,0
151,176,0
139,163,0
129,154,0
122,146,0
116,140,1
112,134,1
107,129,1
104,124,1
100,121,1
96,117,2

Discharge cycle 2 done! C = 0.00

Charging...
995,143,0
1128,126,0
1138,117,0
1145,109,0
1151,105,0
1157,100,1
1160,100,1
1163,96,1
1166,93,1
1171,89,1
1175,88,2
1175,84,2
1179,85,2
1180,82,2
1183,82,2
1183,82,3
1185,80,3
1186,79,3
1189,76,3
1188,76,3
1192,76,4
1191,73,4
1194,73,4
1192,72,4
1195,72,4
1195,72,5
1198,71,5
1197,70,5
1199,70,5
1198,69,5
1201,67,6

Charge cycle 2 done! C = 0.00

Discharging...
316,199,0
150,172,0
135,158,0
126,149,0
121,142,0
114,137,1
110,129,1
105,125,1
100,119,1
97,117,1

Discharge cycle 3 done! C = 0.00

Charging...
1009,133,0
1143,114,0
1155,103,0
1162,98,0
1166,94,0
1171,90,1
1175,88,1
1177,84,1
1179,83,1
1183,80,1
1186,79,2
1188,78,2
1185,79,2
1188,78,2
1190,75,2
1192,77,3
1192,72,3
1195,72,3
1195,72,3
1198,72,3
1199,70,4
1200,70,4

Charge cycle 3 done! C = 0.00

Discharging...
305,190,0
145,167,0
132,157,0
123,146,0
116,140,0
112,132,1
108,127,1
103,124,1
99,119,1

Discharge cycle 4 done! C = 0.00

Charging...
1012,130,0
1143,114,0
1154,104,0
1161,97,0
1167,93,0
1170,90,1
1173,87,1
1176,84,1
1179,83,1
1180,81,1
1183,79,2
1192,78,2
1188,79,2
1188,75,2
1193,74,2
1198,75,3
1198,74,3
1200,74,3

Charge cycle 4 done! C = 0.00

Discharging...
300,187,0
142,166,0
129,154,0
123,145,0
115,138,0
109,134,1
106,128,1
102,124,1
98,119,1

Discharge cycle 5 done! C = 0.00

Charging...
1012,132,0
1147,115,0
1155,108,0
1161,102,0
1166,98,0
1172,96,1
1176,90,1
1179,90,1
1182,87,1
1184,84,1
1186,82,2
1189,80,2
1192,80,2
1192,76,2
1195,76,2
1197,75,3
1198,75,3
1199,73,3
1202,72,3

Charge cycle 5 done! C = 0.00

Discharging...
302,190,0
145,169,0
132,156,0
122,146,0
118,140,0
113,135,1
107,128,1
102,125,1
99,120,1

Discharge cycle 6 done! C = 0.00

Charging...
1014,125,0
1152,111,0
1161,106,0
1166,101,0
1172,96,0
1176,92,1
1180,89,1
1179,88,1
1180,86,1
1184,84,1
1186,83,2
1188,80,2
1191,79,2
1194,78,2
1194,76,2
1197,75,3
1199,74,3
1200,72,3

Charge cycle 6 done! C = 0.00

Discharging...
299,187,0
141,165,0
132,155,0
121,144,0
115,138,0
110,131,1
106,126,1
103,122,1
98,119,1

Discharge cycle 7 done! C = 0.00

Charging...
1012,134,0
1147,117,0
1157,105,0
1164,101,0
1169,98,0
1174,93,1
1179,92,1
1180,87,1
1185,85,1
1186,82,1
1189,80,2
1192,78,2
1193,79,2
1196,75,2
1197,75,2
1200,74,3

Charge cycle 7 done! C = 0.00

Discharging...
291,175,0
138,164,0
128,153,0
121,145,0
115,139,0
111,131,1
105,127,1
102,123,1
98,118,1

Discharge cycle 8 done! C = 0.00

Charging...
1006,135,0
1141,122,0
1148,113,0
1155,106,0
1161,102,0
1167,97,1
1170,95,1
1175,91,1
1179,89,1
1181,88,1
1183,83,2
1185,83,2
1189,81,2
1191,79,2
1192,79,2
1194,75,3
1196,75,3
1197,75,3
1198,74,3
1199,72,3
1201,71,4

Charge cycle 8 done! C = 0.00

Discharging...
308,194,0
146,172,0
135,161,0
125,151,0
120,143,0
113,136,1
110,132,1
106,127,1
101,122,1
98,118,1

Discharge cycle 9 done! C = 0.00

Charging...
1010,132,0
1146,117,0
1154,108,0
1157,105,0
1165,98,0
1169,96,1
1174,91,1
1179,90,1
1181,85,1
1183,84,1
1186,81,2
1186,83,2
1189,80,2
1190,78,2
1192,78,2
1194,75,3
1197,75,3
1198,72,3
1200,73,3

Charge cycle 9 done! C = 0.00

Discharging...
304,192,0
144,171,0
132,158,0
124,148,0
119,141,0
112,136,1
108,130,1
104,125,1
100,122,1
96,118,1

Discharge cycle 9 done! C = 0.00

Discharging...
203,127,0
95,114,0

Discharge cycle 1 done! C = 0.00

Charging...
993,144,0
1134,131,0
1142,122,0
1146,117,0
1154,110,0
1156,104,1
1162,102,1
1165,100,1
1163,98,1
1167,96,1
1170,95,2
1172,93,2
1173,89,2
1175,87,2
1179,87,2
1180,84,3
1180,82,3
1183,83,3
1184,80,3
1187,81,3
1189,79,4
1190,78,4
1189,77,4
1191,75,4
1194,74,4
1194,74,5
1194,74,5
1195,74,5
1196,72,5
1198,71,5
1198,71,6
1199,68,6
1198,69,6
1202,70,6

Charge cycle 1 done! C = 0.00

Discharging...
307,192,0
147,171,0
136,157,0
124,147,0
116,141,0
112,134,1
107,128,1
102,124,1
99,120,1

Discharge cycle 2 done! C = 0.00

Charging...
1013,125,0
1150,111,0
1157,103,0
1160,97,0
1163,95,0
1169,92,1
1172,89,1
1184,86,1
1179,84,1
1182,81,1
1184,81,2
1186,79,2
1191,76,2
1188,75,2
1191,75,2
1192,75,3
1195,74,3
1200,71,3

Charge cycle 2 done! C = 0.00

Discharging...
298,186,0
142,167,0
130,154,0
119,143,0
113,136,0
108,128,1
104,126,1
100,121,1
97,115,1

Discharge cycle 3 done! C = 0.00

Charging...
1011,127,0
1142,113,0
1153,106,0
1158,99,0
1162,96,0
1167,92,1
1172,89,1
1174,87,1
1179,83,1
1178,82,1
1181,81,2
1185,78,2
1186,78,2
1189,76,2
1190,74,2
1193,73,3
1193,71,3
1196,70,3
1197,69,3
1198,69,3
1199,70,4
1201,66,4

Charge cycle 3 done! C = 0.00

Discharging...
304,186,0
144,169,0
132,156,0
126,149,0
119,141,0
111,135,1
108,131,1
105,125,1
101,122,1
98,117,1

Discharge cycle 4 done! C = 0.00

Charging...
1010,127,0
1141,116,0
1153,104,0
1158,102,0
1161,97,0
1163,93,1
1168,89,1
1171,88,1
1174,85,1
1178,83,1
1180,82,2
1181,78,2
1185,78,2
1187,77,2
1188,75,2
1190,74,3
1193,73,3
1194,72,3
1196,72,3
1196,69,3
1197,69,4
1199,67,4
1200,66,4

Charge cycle 4 done! C = 0.00

Discharging...
308,194,0
148,173,0
136,160,0
125,150,0
120,143,0
115,138,1
109,132,1
107,129,1
102,123,1
99,119,1

Discharge cycle 5 done! C = 0.00

Charging...
1007,134,0
1155,110,0
1160,102,0
1170,100,0
1175,93,0
1174,91,1
1180,88,1
1182,85,1
1185,82,1
1188,79,1
1191,77,2
1192,79,2
1192,79,2
1195,76,2
1196,75,2
1197,73,3
1199,75,3
1201,71,3

Charge cycle 5 done! C = 0.00

Discharging...
301,191,0
145,169,0
133,156,0
126,148,0
119,141,0
112,136,1
108,128,1
104,126,1
100,121,1
97,118,1

Discharge cycle 6 done! C = 0.00

Charging...
1002,138,0
1145,114,0
1157,106,0
1164,101,0
1169,94,0
1175,92,1
1176,90,1
1179,87,1
1183,85,1
1186,85,1
1189,78,2
1192,78,2
1193,76,2
1197,74,2
1198,74,2
1198,72,3
1200,72,3

Charge cycle 6 done! C = 0.00

Discharging...
298,187,0
142,167,0
131,153,0
121,147,0
116,138,0
111,133,1
106,128,1
102,123,1
98,120,1

Discharge cycle 7 done! C = 0.00

Charging...
1004,132,0
1150,110,0
1165,101,0
1170,94,0
1172,92,0
1177,91,1
1181,88,1
1184,84,1
1187,80,1
1188,80,1
1191,78,2
1193,79,2
1194,76,2
1197,73,2
1200,71,2

Charge cycle 7 done! C = 0.00

Discharging...
294,184,0
139,162,0
127,152,0
119,141,0
114,136,0
108,129,1
104,125,1
100,121,1
98,118,1

Discharge cycle 8 done! C = 0.00

Charging...
1005,132,0
1149,114,0
1160,106,0
1165,98,0
1171,95,0
1174,92,1
1178,86,1
1180,88,1
1181,86,1
1186,82,1
1188,79,2
1190,79,2
1193,79,2
1193,76,2
1198,76,2
1198,73,3
1199,71,3
1203,72,3

Charge cycle 8 done! C = 0.00

Discharging...
299,190,0
143,168,0
133,155,0
122,145,0
114,137,0
109,131,1
105,127,1
102,122,1
98,119,1

Discharge cycle 9 done! C = 0.00

Charging...
1000,136,0
1140,119,0
1160,102,0
1171,95,0
1175,89,0
1179,85,1
1183,84,1
1186,82,1
1190,79,1
1191,78,1
1195,77,2
1198,74,2
1198,75,2
1201,71,2